032,112025,1322758,3,032307202510010005,0.00,70.00,0,76,9,0.00,0
032,112025,1322811,1,032307202510010003,0.00,17250.00,0,8787,650,0.00,0
032,112025,1323218,5,032307202510010006,0.00,3.00,0,6,1,0.00,0
032,112025,1323327,2,032307202510010008,0.00,3.00,0,5,1,0.00,0
032,112025,1323374,3,032307202510020009,0.00,20.00,0,15,3,0.00,0
032,112025,1323393,4,032307202510020003,0.00,25.00,0,2,1,0.00,0
032,112025,1323411,4,032307202510020005,0.00,45.00,0,44,1,0.00,0
032,112025,1323429,6,032307202510020007,0.00,426.00,0,23,12,0.00,0
032,112025,1323724,5,032307202510020011,0.00,16.00,0,5,3,0.00,0
032,112025,1323904,1,032307202510020010,0.00,653.00,0,197,19,0.00,0
032,112025,1323937,1,032307202510030001,0.00,360.00,0,58,6,0.00,0
032,112025,1323944,5,032307202510030002,0.00,376.00,0,279,102,0.00,0
032,112025,1324051,1,032307202510030006,0.00,64.00,0,84,8,0.00,0
032,112025,1324150,5,032307202510030013,0.00,13.00,0,3,2,0.00,0
032,112025,1324201,1,032307202510030015,0.00,30.00,0,50,3,0.00,0
032,112025,1324386,3,032307202510040012,0.00,4388.00,0,2127,139,0.00,0
032,112025,1324395,1,032307202510040004,0.00,191.00,0,128,10,0.00,0
032,112025,1324488,5,032307202510040001,0.00,25.00,0,51,1,0.00,0
032,112025,1324531,1,032307202510040006,0.00,236.00,0,93,14,0.00,0
032,112025,1324618,2,032307202510040009,0.00,1816.00,0,388,48,0.00,0
032,112025,1324744,1,032307202510040013,0.00,1429.00,0,588,29,0.00,0
032,112025,1324796,2,032307202510040014,0.00,25.00,0,42,1,0.00,0
032,112025,1324821,6,032307202510050001,0.00,5.00,0,2,1,0.00,0
032,112025,1324870,1,032307202510050002,0.00,150.00,0,6,1,0.00,0
032,112025,1324901,1,032307202510050005,0.00,16.00,0,40,3,0.00,0
032,112025,1324917,4,032307202510050004,0.00,40.00,0,58,3,0.00,0
032,112025,1324918,5,032307202510050007,0.00,10.00,0,19,1,0.00,0
032,112025,1324947,1,032307202510050008,0.00,25.00,0,33,1,0.00,0
032,112025,1324958,1,032307202510050006,0.00,563.00,0,498,20,0.00,0
032,112025,1325697,1,032307202510060008,0.00,30.00,0,21,2,0.00,0
032,112025,1325889,1,032307202510070003,0.00,293.00,0,28,11,0.00,0
032,112025,1325962,6,032307202510070013,0.00,8.00,0,10,2,0.00,0
032,112025,1326043,4,032307202510070016,0.00,33.00,0,14,3,0.00,0
032,112025,1326253,2,032307202510070014,0.00,150.00,0,125,1,0.00,0
032,112025,1326274,3,032307202510070015,0.00,2.00,0,5,1,0.00,0
032,112025,1326297,1,032307202510080001,0.00,1176.00,0,399,82,0.00,0
032,112025,1326511,1,032307202510080009,0.00,5.00,0,5,1,0.00,0
032,112025,1326860,3,032307202510090003,0.00,314.00,0,37,5,0.00,0
032,112025,1327348,5,032307202510100003,0.00,15.00,0,5,1,0.00,0
032,112025,1327415,5,032307202510100004,0.00,5.00,0,3,1,0.00,0
032,112025,1327453,3,032307202510110006,0.00,4446.00,0,2230,145,0.00,0
032,112025,1327469,4,032307202510110001,0.00,864.00,0,310,24,0.00,0
032,112025,1327484,3,032307202510110005,0.00,1534.00,0,729,81,0.00,0
032,112025,1327539,1,032307202510110003,0.00,8573.00,0,3566,273,0.00,0
032,112025,1327608,1,032307202510110012,0.00,25.00,0,3,1,0.00,0
032,112025,1327618,2,032307202510110008,0.00,5.00,0,15,1,0.00,0
032,112025,1327718,2,032307202510110010,0.00,3019.00,0,516,97,0.00,0
032,112025,1327729,5,032307202510110022,0.00,53.00,0,15,5,0.00,0
032,112025,1327945,1,032307202510110013,0.00,3.00,0,21,1,0.00,0
032,112025,1328009,3,032307202510110015,0.00,15.00,0,77,1,0.00,0
032,112025,1328057,1,032307202510110014,0.00,3.00,0,21,1,0.00,0
032,112025,1328092,1,032307202510110011,0.00,87.00,0,16,4,0.00,0
032,112025,1328276,6,032307202510120002,0.00,10.00,0,2,1,0.00,0
032,112025,1328312,3,032307202510120001,0.00,50.00,0,134,4,0.00,0
032,112025,1328334,6,032307202510120004,0.00,43.00,0,4,3,0.00,0
032,112025,1328434,1,032307202510120007,0.00,40.00,0,37,3,0.00,0
032,112025,1328914,5,032307202510130007,0.00,15.00,0,4,1,0.00,0
032,112025,1328931,5,032307202510130009,0.00,10.00,0,12,1,0.00,0
032,112025,1328962,4,032307202510130008,0.00,10.00,0,18,1,0.00,0
032,112025,1329051,3,032307202510140002,0.00,5.00,0,3,1,0.00,0
032,112025,1329102,4,032307202510140003,0.00,5.00,0,7,1,0.00,0
032,112025,1329243,1,032307202510140005,0.00,1176.00,0,402,82,0.00,0
032,112025,1329253,3,032307202510140006,0.00,1925.00,0,1819,143,0.00,0
032,112025,1329357,1,032307202510140007,0.00,575.00,0,524,7,0.00,0
032,112025,1329411,1,032307202510140008,0.00,50.00,0,125,1,0.00,0
032,112025,1329495,6,032307202510150001,0.00,3.00,0,11,1,0.00,0
032,112025,1329497,6,032307202510150006,0.00,5.00,0,5,1,0.00,0
032,112025,1329497,6,032307202510150007,0.00,15.00,0,3,2,0.00,0
032,112025,1329516,1,032307202510150002,0.00,40.00,0,12,4,0.00,0
032,112025,1329523,4,032307202510150003,0.00,25.00,0,47,1,0.00,0
032,112025,1329607,3,032307202510150010,0.00,15.00,0,35,1,0.00,0
032,112025,1329648,6,032307202510150005,0.00,10.00,0,24,1,0.00,0
032,112025,1329745,1,032307202510150009,0.00,50.00,0,102,1,0.00,0
032,112025,1329789,1,032307202510160001,0.00,5.00,0,2,1,0.00,0
032,112025,1330204,1,032307202510160003,0.00,10.00,0,24,1,0.00,0
032,112025,1330270,4,032307202510170001,0.00,573.00,0,296,17,0.00,0
032,112025,1330550,5,032307202510170004,0.00,13.00,0,6,2,0.00,0
032,112025,1330554,4,032307202510170002,0.00,10.00,0,8,2,0.00,0
032,112025,1330615,4,032307202510170003,0.00,10.00,0,30,1,0.00,0
032,112025,1330622,4,032307202510170005,0.00,10.00,0,30,1,0.00,0
032,112025,1330658,6,032307202510180003,0.00,5.00,0,4,1,0.00,0
032,112025,1330760,4,032307202510180004,0.00,10.00,0,53,1,0.00,0
032,112025,1330839,6,032307202510180005,0.00,67.00,0,73,7,0.00,0
032,112025,1330970,4,032307202510180006,0.00,25.00,0,18,1,0.00,0
032,112025,1331015,2,032307202510190010,0.00,10386.00,0,4615,294,0.00,0
032,112025,1331023,5,032307202510190002,0.00,1107.00,0,22,10,0.00,0
032,112025,1331041,2,032307202510190008,0.00,630.00,0,12,7,0.00,0
032,112025,1331041,2,032307202510190013,0.00,630.00,0,12,7,0.00,0
032,112025,1331093,5,032307202510190005,0.00,5.00,0,2,1,0.00,0
032,112025,1331093,5,032307202510190006,0.00,432.00,0,309,18,0.00,0
032,112025,1331101,5,032307202510190003,0.00,15.00,0,4,1,0.00,0
032,112025,1331283,1,032307202510200003,0.00,3.00,0,2,1,0.00,0
032,112025,1331311,4,032307202510200005,0.00,10.00,0,5,1,0.00,0
032,112025,1331326,1,032307202510200001,0.00,67.00,0,37,16,0.00,0
032,112025,1331414,4,032307202510200006,0.00,15.00,0,2,1,0.00,0
032,112025,1331494,5,032307202510200010,0.00,51.00,0,26,5,0.00,0
032,112025,1331510,1,032307202510200012,0.00,25.00,0,9,1,0.00,0
032,112025,1331533,1,032307202510200014,0.00,25.00,0,8,1,0.00,0
032,112025,1331571,4,032307202510200018,0.00,153.00,0,5,2,0.00,0
032,112025,1331755,1,032307202510210005,0.00,3.00,0,6,1,0.00,0
032,112025,1331871,1,032307202510210008,0.00,10.00,0,28,1,0.00,0
032,112025,1331926,3,032307202510210011,0.00,30.00,0,51,2,0.00,0
032,112025,1331926,3,032307202510210013,0.00,15.00,0,32,1,0.00,0
032,112025,1331984,3,032307202510220008,0.00,4633.00,0,2364,151,0.00,0
032,112025,1332000,4,032307202510220002,0.00,12782.00,0,6443,387,0.00,0
032,112025,1332155,4,032307202510220006,0.00,105.00,0,181,6,0.00,0
032,112025,1332283,1,032307202510220009,0.00,40.00,0,37,3,0.00,0
032,112025,1332380,3,032307202510220011,0.00,1892.00,0,1587,101,0.00,0
032,112025,1332465,2,032307202510220015,0.00,455.00,0,60,8,0.00,0
032,112025,1332494,1,032307202510230001,0.00,8528.00,0,3573,272,0.00,0
032,112025,1332592,1,032307202510230004,0.00,10.00,0,14,1,0.00,0
032,112025,1332622,5,032307202510230007,0.00,5.00,0,3,1,0.00,0
032,112025,1332628,5,032307202510230005,0.00,5.00,0,8,1,0.00,0
032,112025,1332721,3,032307202510230011,0.00,2.00,0,2,1,0.00,0
032,112025,1332868,4,032307202510240005,0.00,77.00,0,26,7,0.00,0
032,112025,1333219,1,032307202510240008,0.00,23.00,0,11,5,0.00,0
032,112025,1333252,2,032307202510240010,0.00,10.00,0,37,1,0.00,0
032,112025,1333644,3,032307202510250002,0.00,15.00,0,30,1,0.00,0
032,112025,1333863,3,032307202510260003,0.00,10.00,0,41,1,0.00,0
032,112025,1333899,1,032307202510260005,0.00,18.00,0,55,3,0.00,0
032,112025,1333904,5,032307202510260004,0.00,15.00,0,4,1,0.00,0
032,112025,1333919,3,032307202510260006,0.00,10.00,0,34,1,0.00,0
032,112025,1333959,2,032307202510260011,0.00,5.00,0,3,1,0.00,0
032,112025,1334169,1,032307202510270002,0.00,1424.00,0,577,28,0.00,0
032,112025,1334210,4,032307202510270007,0.00,180.00,0,21,3,0.00,0
032,112025,1334240,3,032307202510270006,0.00,51.00,0,139,10,0.00,0
032,112025,1334251,4,032307202510270001,0.00,5.00,0,4,1,0.00,0
032,112025,1334291,5,032307202510270010,0.00,34.00,0,23,9,0.00,0
032,112025,1334294,2,032307202510270014,0.00,5.00,0,9,1,0.00,0
032,112025,1334319,4,032307202510270004,0.00,100.00,0,6,1,0.00,0
032,112025,1334357,1,032307202510270012,0.00,1176.00,0,404,82,0.00,0
032,112025,1334544,4,032307202510280008,0.00,18.00,0,1,2,0.00,0
032,112025,1334544,4,032307202510280009,0.00,235.00,0,113,3,0.00,0
032,112025,1334580,1,032307202510280002,0.00,10.00,0,3,2,0.00,0
032,112025,1334587,3,032307202510280003,0.00,165.00,0,177,7,0.00,0
032,112025,1334662,4,032307202510280001,0.00,3984.00,0,2512,142,0.00,0
032,112025,1334782,5,032307202510280010,0.00,3.00,0,3,1,0.00,0
032,112025,1334925,4,032307202510280011,0.00,5.00,0,8,1,0.00,0
032,112025,1334930,1,032307202510280013,0.00,3.00,0,19,1,0.00,0
032,112025,1334956,1,032307202510280018,0.00,10.00,0,17,1,0.00,0
032,112025,1334979,6,032307202510290001,0.00,3813.00,0,803,163,0.00,0
032,112025,1335117,1,032307202510290002,0.00,45.00,0,21,3,0.00,0
032,112025,1335285,1,032307202510290003,0.00,45.00,0,13,1,0.00,0
032,112025,1335395,5,032307202510290010,0.00,10.00,0,18,1,0.00,0
032,112025,1335739,2,032307202510300001,0.00,319.00,0,410,34,0.00,0
032,112025,1335837,1,032307202510300004,0.00,580.00,0,162,30,0.00,0
032,112025,1335865,3,032307202510300003,0.00,640.00,0,781,37,0.00,0
032,112025,1335877,4,032307202510300002,0.00,45.00,0,8,1,0.00,0
032,112025,1336069,1,032307202510300010,0.00,10.00,0,3,2,0.00,0
032,112025,1336116,4,032307202510300011,0.00,5.00,0,8,1,0.00,0
032,112025,1336124,1,032307202510300013,0.00,146.00,0,72,29,0.00,0
032,112025,1336166,4,032307202510300016,0.00,25.00,0,6,1,0.00,0
032,112025,1336512,5,032307202510310007,0.00,3.00,0,4,1,0.00,0
032,112025,1343054,4,032307202510190011,0.00,1954.00,0,350,30,0.00,0
032,112025,1343054,4,032307202510190012,0.00,1954.00,0,350,30,0.00,0
