032,112025,1322758,3,SAN_CARLOS,12.3,182.68,28/10/2025 20:45:00,1,1,0,0.00,2953.38,5329,358,34,0,0,,,0.00,8860.00,0.00
032,112025,1322811,1,BULLILEO,12.0,378.10,28/10/2025 21:00:00,1,1,0,0.00,3113.08,10598,677,156,0,0,,,0.00,28370.00,0.00
032,112025,1323218,5,PASO HONDO,12.0,123.16,12/10/2025 11:00:00,0,0,0,0.00,3414.00,1795,241,23,0,0,,,0.00,7053.00,0.00
032,112025,1323327,2,RETIRO,12.0,202.93,29/10/2025 21:15:00,1,1,0,0.00,3113.08,4473,255,74,0,0,,,0.00,15945.00,0.00
032,112025,1323374,3,SAN_CARLOS,12.3,182.68,28/10/2025 20:45:00,1,1,0,0.00,2953.38,5329,358,34,0,0,,,0.00,8860.00,0.00
032,112025,1323393,4,LONGAVI,12.0,993.36,12/10/2025 15:45:00,1,1,0,0.00,2109.39,8861,529,169,0,0,,,0.00,28467.00,0.00
032,112025,1323411,4,LONGAVI,12.0,993.36,12/10/2025 15:45:00,1,1,0,0.00,2109.39,8861,529,169,0,0,,,0.00,28467.00,0.00
032,112025,1323429,6,ÑIQUEN,12.0,132.72,12/10/2025 11:45:00,0,0,0,0.00,3414.00,18,8,2,0,0,,,0.00,463.00,0.00
032,112025,1323724,5,PASO HONDO,12.0,123.16,12/10/2025 11:00:00,0,0,0,0.00,3414.00,1795,241,23,0,0,,,0.00,7053.00,0.00
032,112025,1323904,1,BULLILEO,12.0,378.10,28/10/2025 21:00:00,1,1,0,0.00,3113.08,9340,603,133,0,0,,,0.00,25875.00,0.00
032,112025,1323937,1,BULLILEO,12.0,378.10,28/10/2025 21:00:00,1,1,0,0.00,3113.08,10772,695,159,0,0,,,0.00,29023.00,0.00
032,112025,1323944,5,PASO HONDO,12.0,123.16,12/10/2025 11:00:00,0,0,0,0.00,3414.00,1793,241,23,0,0,,,0.00,7050.00,0.00
032,112025,1324051,1,BULLILEO,12.0,378.10,28/10/2025 21:00:00,1,1,0,0.00,3113.08,10772,695,159,0,0,,,0.00,29023.00,0.00
032,112025,1324150,5,PASO HONDO,12.0,123.16,12/10/2025 11:00:00,0,0,0,0.00,3414.00,1793,241,23,0,0,,,0.00,7050.00,0.00
032,112025,1324201,1,BULLILEO,12.0,378.10,28/10/2025 21:00:00,1,1,0,0.00,3113.08,10772,695,159,0,0,,,0.00,29023.00,0.00
032,112025,1324386,3,SAN_CARLOS,12.3,182.68,28/10/2025 20:45:00,1,1,0,0.00,2953.38,5329,358,34,0,0,,,0.00,8860.00,0.00
032,112025,1324395,1,BULLILEO,12.0,378.10,28/10/2025 21:00:00,1,1,0,0.00,3113.08,10772,695,159,0,0,,,0.00,29023.00,0.00
032,112025,1324488,5,PASO HONDO,12.0,123.16,12/10/2025 11:00:00,0,0,0,0.00,3414.00,1795,241,23,0,0,,,0.00,7053.00,0.00
032,112025,1324531,1,BULLILEO,12.0,378.10,28/10/2025 21:00:00,1,1,0,0.00,3113.08,10772,695,159,0,0,,,0.00,29023.00,0.00
032,112025,1324618,2,RETIRO,12.0,202.93,29/10/2025 21:15:00,1,1,0,0.00,3113.08,4473,255,74,0,0,,,0.00,15945.00,0.00
032,112025,1324744,1,BULLILEO,12.0,378.10,28/10/2025 21:00:00,1,1,0,0.00,3113.08,10772,695,159,0,0,,,0.00,29023.00,0.00
032,112025,1324796,2,RETIRO,12.0,202.93,29/10/2025 21:15:00,1,1,0,0.00,3113.08,4473,255,74,0,0,,,0.00,15945.00,0.00
032,112025,1324821,6,ÑIQUEN,12.0,132.72,12/10/2025 11:45:00,0,0,0,0.00,3414.00,686,92,17,0,0,,,0.00,3813.00,0.00
032,112025,1324870,1,BULLILEO,12.0,378.10,28/10/2025 21:00:00,1,1,0,0.00,3113.08,10772,695,159,0,0,,,0.00,29023.00,0.00
032,112025,1324901,1,BULLILEO,12.0,378.10,28/10/2025 21:00:00,1,1,0,0.00,3113.08,10772,695,159,0,0,,,0.00,29023.00,0.00
032,112025,1324917,4,LONGAVI,12.0,993.36,12/10/2025 15:45:00,1,1,0,0.00,2109.39,8861,529,169,0,0,,,0.00,28467.00,0.00
032,112025,1324918,5,PASO HONDO,12.0,123.16,12/10/2025 11:00:00,0,0,0,0.00,3414.00,1795,241,23,0,0,,,0.00,7053.00,0.00
032,112025,1324947,1,BULLILEO,12.0,378.10,28/10/2025 21:00:00,1,1,0,0.00,3113.08,10772,695,159,0,0,,,0.00,29023.00,0.00
032,112025,1324958,1,BULLILEO,12.0,378.10,28/10/2025 21:00:00,1,1,0,0.00,3113.08,10772,695,159,0,0,,,0.00,29023.00,0.00
032,112025,1325697,1,BULLILEO,12.0,378.10,28/10/2025 21:00:00,1,1,0,0.00,3113.08,10771,695,159,0,0,,,0.00,29023.00,0.00
032,112025,1325889,1,BULLILEO,12.0,378.10,28/10/2025 21:00:00,1,1,0,0.00,3113.08,10771,695,159,0,0,,,0.00,29023.00,0.00
032,112025,1325962,6,ÑIQUEN,12.0,132.72,12/10/2025 11:45:00,0,0,0,0.00,3414.00,686,92,17,0,0,,,0.00,3813.00,0.00
032,112025,1326043,4,LONGAVI,12.0,993.36,12/10/2025 15:45:00,1,1,0,0.00,2109.39,8861,529,168,0,0,,,0.00,28474.00,0.00
032,112025,1326253,2,RETIRO,12.0,202.93,29/10/2025 21:15:00,1,1,0,0.00,3113.08,4473,254,74,0,0,,,0.00,15945.00,0.00
032,112025,1326274,3,SAN_CARLOS,12.3,182.68,28/10/2025 20:45:00,1,1,0,0.00,2953.38,5329,358,34,0,0,,,0.00,8860.00,0.00
032,112025,1326297,1,BULLILEO,12.0,378.10,28/10/2025 21:00:00,1,1,0,0.00,3113.08,10771,695,159,0,0,,,0.00,29023.00,0.00
032,112025,1326511,1,BULLILEO,12.0,378.10,28/10/2025 21:00:00,1,1,0,0.00,3113.08,10771,695,159,0,0,,,0.00,29023.00,0.00
032,112025,1326860,3,SAN_CARLOS,12.3,182.68,28/10/2025 20:45:00,1,1,0,0.00,2953.38,5331,358,34,0,0,,,0.00,8860.00,0.00
032,112025,1327348,5,PASO HONDO,12.0,123.16,12/10/2025 11:00:00,0,0,0,0.00,3414.00,1797,241,22,0,0,,,0.00,7053.00,0.00
032,112025,1327415,5,PASO HONDO,12.0,123.16,12/10/2025 11:00:00,0,0,0,0.00,3414.00,1797,241,22,0,0,,,0.00,7053.00,0.00
032,112025,1327453,3,SAN_CARLOS,12.3,182.68,28/10/2025 20:45:00,1,1,0,0.00,2953.38,5337,358,34,0,0,,,0.00,8860.00,0.00
032,112025,1327469,4,LONGAVI,12.0,993.36,12/10/2025 15:45:00,1,1,0,0.00,2109.39,8869,529,168,0,0,,,0.00,28494.00,0.00
032,112025,1327484,3,SAN_CARLOS,12.3,182.68,28/10/2025 20:45:00,1,1,0,0.00,2953.38,3261,233,20,0,0,,,0.00,4414.00,0.00
032,112025,1327539,1,BULLILEO,12.0,378.10,28/10/2025 21:00:00,1,1,0,0.00,3113.08,10780,695,159,0,0,,,0.00,29023.00,0.00
032,112025,1327608,1,BULLILEO,12.0,378.10,28/10/2025 21:00:00,1,1,0,0.00,3113.08,10760,694,159,0,0,,,0.00,29020.00,0.00
032,112025,1327618,2,RETIRO,12.0,202.93,29/10/2025 21:15:00,1,1,0,0.00,3113.08,4476,254,74,0,0,,,0.00,15945.00,0.00
032,112025,1327718,2,RETIRO,12.0,202.93,29/10/2025 21:15:00,1,1,0,0.00,3113.08,4476,254,74,0,0,,,0.00,15945.00,0.00
032,112025,1327729,5,PASO HONDO,12.0,123.16,12/10/2025 11:00:00,0,0,0,0.00,3414.00,1797,241,22,0,0,,,0.00,7053.00,0.00
032,112025,1327945,1,BULLILEO,12.0,378.10,28/10/2025 21:00:00,1,1,0,0.00,3113.08,10780,695,159,0,0,,,0.00,29023.00,0.00
032,112025,1328009,3,SAN_CARLOS,12.3,182.68,28/10/2025 20:45:00,1,1,0,0.00,2953.38,5337,358,34,0,0,,,0.00,8860.00,0.00
032,112025,1328057,1,BULLILEO,12.0,378.10,28/10/2025 21:00:00,1,1,0,0.00,3113.08,10780,695,159,0,0,,,0.00,29023.00,0.00
032,112025,1328092,1,BULLILEO,12.0,378.10,28/10/2025 21:00:00,1,1,0,0.00,3113.08,10780,695,159,0,0,,,0.00,29023.00,0.00
032,112025,1328276,6,ÑIQUEN,12.0,132.72,12/10/2025 11:45:00,0,0,0,0.00,3414.00,686,92,17,0,0,,,0.00,3813.00,0.00
032,112025,1328312,3,SAN_CARLOS,12.3,182.68,28/10/2025 20:45:00,1,1,0,0.00,2953.38,5337,358,34,0,0,,,0.00,8860.00,0.00
032,112025,1328334,6,ÑIQUEN,12.0,132.72,12/10/2025 11:45:00,0,0,0,0.00,3414.00,685,91,17,0,0,,,0.00,3803.00,0.00
032,112025,1328434,1,BULLILEO,12.0,378.10,28/10/2025 21:00:00,1,1,0,0.00,3113.08,10780,695,159,0,0,,,0.00,29023.00,0.00
032,112025,1328914,5,PASO HONDO,12.0,123.16,12/10/2025 11:00:00,0,0,0,0.00,3414.00,1797,241,22,0,0,,,0.00,7053.00,0.00
032,112025,1328931,5,PASO HONDO,12.0,123.16,12/10/2025 11:00:00,0,0,0,0.00,3414.00,1797,241,22,0,0,,,0.00,7053.00,0.00
032,112025,1328962,4,LONGAVI,12.0,993.36,12/10/2025 15:45:00,1,1,0,0.00,2109.39,8870,529,168,0,0,,,0.00,28499.00,0.00
032,112025,1329051,3,SAN_CARLOS,12.3,182.68,28/10/2025 20:45:00,1,1,0,0.00,2953.38,5337,358,34,0,0,,,0.00,8860.00,0.00
032,112025,1329102,4,LONGAVI,12.0,993.36,12/10/2025 15:45:00,1,1,0,0.00,2109.39,8870,529,168,0,0,,,0.00,28499.00,0.00
032,112025,1329243,1,BULLILEO,12.0,378.10,28/10/2025 21:00:00,1,1,0,0.00,3113.08,10817,695,159,0,0,,,0.00,29023.00,0.00
032,112025,1329253,3,SAN_CARLOS,12.3,182.68,28/10/2025 20:45:00,1,1,0,0.00,2953.38,5361,358,34,0,0,,,0.00,8860.00,0.00
032,112025,1329357,1,BULLILEO,12.0,378.10,28/10/2025 21:00:00,1,1,0,0.00,3113.08,10817,695,159,0,0,,,0.00,29023.00,0.00
032,112025,1329411,1,BULLILEO,12.0,378.10,28/10/2025 21:00:00,1,1,0,0.00,3113.08,10817,695,159,0,0,,,0.00,29023.00,0.00
032,112025,1329495,6,ÑIQUEN,12.0,132.72,12/10/2025 11:45:00,0,0,0,0.00,3414.00,691,92,17,0,0,,,0.00,3813.00,0.00
032,112025,1329497,6,ÑIQUEN,12.0,132.72,12/10/2025 11:45:00,0,0,0,0.00,3414.00,691,92,17,0,0,,,0.00,3813.00,0.00
032,112025,1329516,1,BULLILEO,12.0,378.10,28/10/2025 21:00:00,1,1,0,0.00,3113.08,10829,695,159,0,0,,,0.00,29023.00,0.00
032,112025,1329523,4,LONGAVI,12.0,993.36,12/10/2025 15:45:00,1,1,0,0.00,2109.39,8926,529,168,0,0,,,0.00,28499.00,0.00
032,112025,1329607,3,SAN_CARLOS,12.3,182.68,28/10/2025 20:45:00,1,1,0,0.00,2953.38,5366,358,34,0,0,,,0.00,8860.00,0.00
032,112025,1329648,6,ÑIQUEN,12.0,132.72,12/10/2025 11:45:00,0,0,0,0.00,3414.00,691,92,17,0,0,,,0.00,3793.00,0.00
032,112025,1329745,1,BULLILEO,12.0,378.10,28/10/2025 21:00:00,1,1,0,0.00,3113.08,10829,695,159,0,0,,,0.00,29023.00,0.00
032,112025,1329789,1,BULLILEO,12.0,378.10,28/10/2025 21:00:00,1,1,0,0.00,3113.08,10830,695,159,0,0,,,0.00,29023.00,0.00
032,112025,1330204,1,BULLILEO,12.0,378.10,28/10/2025 21:00:00,1,1,0,0.00,3113.08,10830,695,159,0,0,,,0.00,29023.00,0.00
032,112025,1330270,4,LONGAVI,12.0,993.36,12/10/2025 15:45:00,1,1,0,0.00,2109.39,8927,529,168,0,0,,,0.00,28499.00,0.00
032,112025,1330550,5,PASO HONDO,12.0,123.16,12/10/2025 11:00:00,0,0,0,0.00,3414.00,1804,241,22,0,0,,,0.00,7053.00,0.00
032,112025,1330554,4,LONGAVI,12.0,993.36,12/10/2025 15:45:00,1,1,0,0.00,2109.39,8927,529,168,0,0,,,0.00,28499.00,0.00
032,112025,1330615,4,LONGAVI,12.0,993.36,12/10/2025 15:45:00,1,1,0,0.00,2109.39,8927,529,168,0,0,,,0.00,28499.00,0.00
032,112025,1330622,4,LONGAVI,12.0,993.36,12/10/2025 15:45:00,1,1,0,0.00,2109.39,8927,529,168,0,0,,,0.00,28499.00,0.00
032,112025,1330658,6,ÑIQUEN,12.0,132.72,12/10/2025 11:45:00,0,0,0,0.00,3414.00,691,92,17,0,0,,,0.00,3813.00,0.00
032,112025,1330760,4,LONGAVI,12.0,993.36,12/10/2025 15:45:00,1,1,0,0.00,2109.39,8927,529,168,0,0,,,0.00,28499.00,0.00
032,112025,1330839,6,ÑIQUEN,12.0,132.72,12/10/2025 11:45:00,0,0,0,0.00,3414.00,691,92,17,0,0,,,0.00,3813.00,0.00
032,112025,1330970,4,LONGAVI,12.0,993.36,12/10/2025 15:45:00,1,1,0,0.00,2109.39,8927,529,168,0,0,,,0.00,28499.00,0.00
032,112025,1331015,2,RETIRO,0.0,0.00,17/10/2025 18:41:27,1,0,0,0.00,0.00,9107,496,152,0,0,,,0.00,28797.00,0.00
032,112025,1331023,5,PASO HONDO,12.0,123.16,12/10/2025 11:00:00,0,0,0,0.00,3414.00,1804,241,22,0,0,,,0.00,7063.00,0.00
032,112025,1331041,2,RETIRO,12.0,202.93,29/10/2025 21:15:00,1,1,0,0.00,3113.08,9137,501,154,0,0,,,0.00,28918.00,0.00
032,112025,1331093,5,PASO HONDO,12.0,123.16,12/10/2025 11:00:00,0,0,0,0.00,3414.00,1804,241,22,0,0,,,0.00,5956.00,0.00
032,112025,1331101,5,PASO HONDO,12.0,123.16,12/10/2025 11:00:00,0,0,0,0.00,3414.00,1510,225,21,0,0,,,0.00,6626.00,0.00
032,112025,1331283,1,BULLILEO,12.0,378.10,28/10/2025 21:00:00,1,1,0,0.00,3113.08,10830,695,159,0,0,,,0.00,29023.00,0.00
032,112025,1331311,4,LONGAVI,12.0,993.36,12/10/2025 15:45:00,1,1,0,0.00,2109.39,8927,529,168,0,0,,,0.00,28499.00,0.00
032,112025,1331326,1,BULLILEO,12.0,378.10,28/10/2025 21:00:00,1,1,0,0.00,3113.08,10829,694,159,0,0,,,0.00,29020.00,0.00
032,112025,1331414,4,LONGAVI,12.0,993.36,12/10/2025 15:45:00,1,1,0,0.00,2109.39,8927,529,168,0,0,,,0.00,28499.00,0.00
032,112025,1331494,5,PASO HONDO,12.0,123.16,12/10/2025 11:00:00,0,0,0,0.00,3414.00,1804,241,22,0,0,,,0.00,7063.00,0.00
032,112025,1331510,1,BULLILEO,12.0,378.10,28/10/2025 21:00:00,1,1,0,0.00,3113.08,10830,695,159,0,0,,,0.00,29023.00,0.00
032,112025,1331533,1,BULLILEO,12.0,378.10,28/10/2025 21:00:00,1,1,0,0.00,3113.08,10830,695,159,0,0,,,0.00,29023.00,0.00
032,112025,1331571,4,LONGAVI,12.0,993.36,12/10/2025 15:45:00,1,1,0,0.00,2109.39,8927,529,168,0,0,,,0.00,28499.00,0.00
032,112025,1331755,1,BULLILEO,12.0,378.10,28/10/2025 21:00:00,1,1,0,0.00,3113.08,10830,695,159,0,0,,,0.00,29050.00,0.00
032,112025,1331871,1,BULLILEO,12.0,378.10,28/10/2025 21:00:00,1,1,0,0.00,3113.08,10830,695,159,0,0,,,0.00,29050.00,0.00
032,112025,1331926,3,SAN_CARLOS,12.3,182.68,28/10/2025 20:45:00,1,1,0,0.00,2953.38,5366,358,34,0,0,,,0.00,8860.00,0.00
032,112025,1331984,3,SAN_CARLOS,12.3,182.68,28/10/2025 20:45:00,1,1,0,0.00,2953.38,5364,358,35,0,0,,,0.00,8875.00,0.00
032,112025,1332000,1,BULLILEO,12.0,378.10,28/10/2025 21:00:00,1,1,0,0.00,3113.08,8921,528,169,0,0,,,1.00,0.00,0.00
032,112025,1332000,4,LONGAVI,12.0,993.36,12/10/2025 15:45:00,1,1,0,0.00,2109.39,8921,528,169,0,0,,,0.00,28543.00,0.00
032,112025,1332155,4,LONGAVI,12.0,993.36,12/10/2025 15:45:00,1,1,0,0.00,2109.39,8892,528,168,0,0,,,0.00,28518.00,0.00
032,112025,1332283,1,BULLILEO,12.0,378.10,28/10/2025 21:00:00,1,1,0,0.00,3113.08,10830,695,159,0,0,,,0.00,29050.00,0.00
032,112025,1332380,3,SAN_CARLOS,12.3,182.68,28/10/2025 20:45:00,1,1,0,0.00,2953.38,5366,358,34,0,0,,,0.00,8860.00,0.00
032,112025,1332465,2,RETIRO,12.0,202.93,29/10/2025 21:15:00,1,1,0,0.00,3113.08,4481,254,74,0,0,,,0.00,15945.00,0.00
032,112025,1332494,1,BULLILEO,12.0,378.10,28/10/2025 21:00:00,1,1,0,0.00,3113.08,10830,694,159,0,0,,,0.00,29050.00,0.00
032,112025,1332592,1,BULLILEO,12.0,378.10,28/10/2025 21:00:00,1,1,0,0.00,3113.08,10830,694,159,0,0,,,0.00,29050.00,0.00
032,112025,1332622,5,PASO HONDO,12.0,123.16,12/10/2025 11:00:00,0,0,0,0.00,3414.00,1804,241,22,0,0,,,0.00,7063.00,0.00
032,112025,1332628,5,PASO HONDO,12.0,123.16,12/10/2025 11:00:00,0,0,0,0.00,3414.00,1801,241,22,0,0,,,0.00,7058.00,0.00
032,112025,1332721,3,SAN_CARLOS,12.3,182.68,28/10/2025 20:45:00,1,1,0,0.00,2953.38,5365,358,34,0,0,,,0.00,8860.00,0.00
032,112025,1332868,4,LONGAVI,12.0,993.36,12/10/2025 15:45:00,1,1,0,0.00,2109.39,8924,528,168,0,0,,,0.00,28543.00,0.00
032,112025,1333219,1,BULLILEO,12.0,378.10,28/10/2025 21:00:00,1,1,0,0.00,3113.08,10832,693,159,0,0,,,0.00,29050.00,0.00
032,112025,1333252,2,RETIRO,12.0,202.93,29/10/2025 21:15:00,1,1,0,0.00,3113.08,4481,254,74,0,0,,,0.00,15945.00,0.00
032,112025,1333644,3,SAN_CARLOS,12.3,182.68,28/10/2025 20:45:00,1,1,0,0.00,2953.38,5079,339,33,0,0,,,0.00,8522.00,0.00
032,112025,1333863,3,SAN_CARLOS,12.3,182.68,28/10/2025 20:45:00,1,1,0,0.00,2953.38,5365,358,34,0,0,,,0.00,8875.00,0.00
032,112025,1333899,1,BULLILEO,12.0,378.10,28/10/2025 21:00:00,1,1,0,0.00,3113.08,10832,693,159,0,0,,,0.00,29050.00,0.00
032,112025,1333904,5,PASO HONDO,12.0,123.16,12/10/2025 11:00:00,0,0,0,0.00,3414.00,1805,241,22,0,0,,,0.00,7063.00,0.00
032,112025,1333919,3,SAN_CARLOS,12.3,182.68,28/10/2025 20:45:00,1,1,0,0.00,2953.38,5365,358,34,0,0,,,0.00,8875.00,0.00
032,112025,1333959,2,RETIRO,12.0,202.93,29/10/2025 21:15:00,1,1,0,0.00,3113.08,4481,254,74,0,0,,,0.00,15945.00,0.00
032,112025,1334169,1,BULLILEO,12.0,378.10,28/10/2025 21:00:00,1,1,0,0.00,3113.08,10821,692,159,0,0,,,0.00,29045.00,0.00
032,112025,1334210,4,LONGAVI,12.0,993.36,12/10/2025 15:45:00,1,1,0,0.00,2109.39,8924,528,168,0,0,,,0.00,28543.00,0.00
032,112025,1334240,3,SAN_CARLOS,12.3,182.68,28/10/2025 20:45:00,1,1,0,0.00,2953.38,5365,358,34,0,0,,,0.00,8875.00,0.00
032,112025,1334251,4,LONGAVI,12.0,993.36,12/10/2025 15:45:00,1,1,0,0.00,2109.39,8904,527,168,0,0,,,0.00,28363.00,0.00
032,112025,1334291,5,PASO HONDO,12.0,123.16,12/10/2025 11:00:00,0,0,0,0.00,3414.00,1805,241,22,0,0,,,0.00,7063.00,0.00
032,112025,1334294,2,RETIRO,12.0,202.93,29/10/2025 21:15:00,1,1,0,0.00,3113.08,4481,254,74,0,0,,,0.00,15945.00,0.00
032,112025,1334319,4,LONGAVI,12.0,993.36,12/10/2025 15:45:00,1,1,0,0.00,2109.39,8924,528,168,0,0,,,0.00,28543.00,0.00
032,112025,1334357,1,BULLILEO,12.0,378.10,28/10/2025 21:00:00,1,1,0,0.00,3113.08,10832,693,159,0,0,,,0.00,29050.00,0.00
032,112025,1334544,4,LONGAVI,12.0,993.36,12/10/2025 15:45:00,1,1,0,0.00,2109.39,8924,528,168,0,0,,,0.00,28543.00,0.00
032,112025,1334580,1,BULLILEO,12.0,378.10,28/10/2025 21:00:00,1,1,0,0.00,3113.08,10796,693,159,0,0,,,0.00,29072.00,0.00
032,112025,1334587,3,SAN_CARLOS,12.3,182.68,28/10/2025 20:45:00,1,1,0,0.00,2953.38,5365,358,35,0,0,,,0.00,8875.00,0.00
032,112025,1334662,4,LONGAVI,12.0,993.36,12/10/2025 15:45:00,1,1,0,0.00,2109.39,8812,525,168,0,0,,,0.00,28290.00,0.00
032,112025,1334782,5,PASO HONDO,12.0,123.16,12/10/2025 11:00:00,0,0,0,0.00,3414.00,1804,241,22,0,0,,,0.00,7063.00,0.00
032,112025,1334925,4,LONGAVI,12.0,993.36,12/10/2025 15:45:00,1,1,0,0.00,2109.39,8922,528,169,0,0,,,0.00,28543.00,0.00
032,112025,1334930,1,BULLILEO,12.0,378.10,28/10/2025 21:00:00,1,1,0,0.00,3113.08,10796,693,159,0,0,,,0.00,29072.00,0.00
032,112025,1334956,1,BULLILEO,12.0,378.10,28/10/2025 21:00:00,1,1,0,0.00,3113.08,10796,693,159,0,0,,,0.00,29072.00,0.00
032,112025,1334979,6,ÑIQUEN,12.0,132.72,12/10/2025 11:45:00,0,0,0,0.00,3414.00,690,92,17,0,0,,,0.00,3813.00,0.00
032,112025,1335117,1,BULLILEO,12.0,378.10,28/10/2025 21:00:00,1,1,0,0.00,3113.08,10796,693,159,0,0,,,0.00,29072.00,0.00
032,112025,1335285,1,BULLILEO,12.0,378.10,28/10/2025 21:00:00,1,1,0,0.00,3113.08,10796,693,159,0,0,,,0.00,29072.00,0.00
032,112025,1335395,5,PASO HONDO,12.0,123.16,12/10/2025 11:00:00,0,0,0,0.00,3414.00,1804,241,22,0,0,,,0.00,7063.00,0.00
032,112025,1335739,2,RETIRO,12.0,202.93,29/10/2025 21:15:00,1,1,0,0.00,3113.08,4481,254,74,0,0,,,0.00,15945.00,0.00
032,112025,1335837,1,BULLILEO,12.0,378.10,28/10/2025 21:00:00,1,1,0,0.00,3113.08,10792,693,159,0,0,,,0.00,29072.00,0.00
032,112025,1335865,3,SAN_CARLOS,12.3,182.68,28/10/2025 20:45:00,1,1,0,0.00,2953.38,5365,358,35,0,0,,,0.00,8875.00,0.00
032,112025,1335877,4,LONGAVI,12.0,993.36,12/10/2025 15:45:00,1,1,0,0.00,2109.39,8922,528,169,0,0,,,0.00,28543.00,0.00
032,112025,1336069,1,BULLILEO,12.0,378.10,28/10/2025 21:00:00,1,1,0,0.00,3113.08,10792,693,159,0,0,,,0.00,29072.00,0.00
032,112025,1336116,4,LONGAVI,12.0,993.36,12/10/2025 15:45:00,1,1,0,0.00,2109.39,8922,528,169,0,0,,,0.00,28543.00,0.00
032,112025,1336124,1,BULLILEO,12.0,378.10,28/10/2025 21:00:00,1,1,0,0.00,3113.08,10792,693,159,0,0,,,0.00,29072.00,0.00
032,112025,1336166,4,LONGAVI,12.0,993.36,12/10/2025 15:45:00,1,1,0,0.00,2109.39,8922,528,169,0,0,,,0.00,28543.00,0.00
032,112025,1336512,5,PASO HONDO,12.0,123.16,12/10/2025 11:00:00,0,0,0,0.00,3414.00,1803,241,22,0,0,,,0.00,7063.00,0.00
032,112025,1343054,4,LONGAVI,0.0,0.00,17/11/2025 11:53:51,1,0,0,0.00,0.00,8732,514,164,0,0,,,0.00,27754.00,0.00
