032,112025,1322758
032,112025,1322811
032,112025,1323218
032,112025,1323327
032,112025,1323374
032,112025,1323393
032,112025,1323411
032,112025,1323429
032,112025,1323724
032,112025,1323904
032,112025,1323937
032,112025,1323944
032,112025,1324051
032,112025,1324150
032,112025,1324201
032,112025,1324386
032,112025,1324395
032,112025,1324488
032,112025,1324531
032,112025,1324618
032,112025,1324744
032,112025,1324796
032,112025,1324821
032,112025,1324870
032,112025,1324901
032,112025,1324917
032,112025,1324918
032,112025,1324947
032,112025,1324958
032,112025,1325697
032,112025,1325889
032,112025,1325962
032,112025,1326043
032,112025,1326253
032,112025,1326274
032,112025,1326297
032,112025,1326511
032,112025,1326860
032,112025,1327348
032,112025,1327415
032,112025,1327453
032,112025,1327469
032,112025,1327484
032,112025,1327539
032,112025,1327608
032,112025,1327618
032,112025,1327718
032,112025,1327729
032,112025,1327945
032,112025,1328009
032,112025,1328057
032,112025,1328092
032,112025,1328276
032,112025,1328312
032,112025,1328334
032,112025,1328434
032,112025,1328914
032,112025,1328931
032,112025,1328962
032,112025,1329051
032,112025,1329102
032,112025,1329243
032,112025,1329253
032,112025,1329357
032,112025,1329411
032,112025,1329495
032,112025,1329497
032,112025,1329516
032,112025,1329523
032,112025,1329607
032,112025,1329648
032,112025,1329745
032,112025,1329789
032,112025,1330204
032,112025,1330270
032,112025,1330550
032,112025,1330554
032,112025,1330615
032,112025,1330622
032,112025,1330658
032,112025,1330760
032,112025,1330839
032,112025,1330970
032,112025,1331015
032,112025,1331023
032,112025,1331041
032,112025,1331093
032,112025,1331101
032,112025,1331283
032,112025,1331311
032,112025,1331326
032,112025,1331414
032,112025,1331494
032,112025,1331510
032,112025,1331533
032,112025,1331571
032,112025,1331755
032,112025,1331871
032,112025,1331926
032,112025,1331984
032,112025,1332000
032,112025,1332155
032,112025,1332283
032,112025,1332380
032,112025,1332465
032,112025,1332494
032,112025,1332592
032,112025,1332622
032,112025,1332628
032,112025,1332721
032,112025,1332868
032,112025,1333219
032,112025,1333252
032,112025,1333644
032,112025,1333863
032,112025,1333899
032,112025,1333904
032,112025,1333919
032,112025,1333959
032,112025,1334169
032,112025,1334210
032,112025,1334240
032,112025,1334251
032,112025,1334291
032,112025,1334294
032,112025,1334319
032,112025,1334357
032,112025,1334544
032,112025,1334580
032,112025,1334587
032,112025,1334662
032,112025,1334782
032,112025,1334925
032,112025,1334930
032,112025,1334956
032,112025,1334979
032,112025,1335117
032,112025,1335285
032,112025,1335395
032,112025,1335739
032,112025,1335837
032,112025,1335865
032,112025,1335877
032,112025,1336069
032,112025,1336116
032,112025,1336124
032,112025,1336166
032,112025,1336512
032,112025,1343054
