032,112025,1322758,3,032307202510010005,1,70.00,0.00,0.00
032,112025,1322811,1,032307202510010003,1,8113.00,0.00,0.00
032,112025,1322811,1,032307202510010003,2,8677.00,0.00,0.00
032,112025,1322811,1,032307202510010003,3,460.00,0.00,0.00
032,112025,1323218,5,032307202510010006,1,3.00,0.00,0.00
032,112025,1323327,2,032307202510010008,1,3.00,0.00,0.00
032,112025,1323374,3,032307202510020009,1,20.00,0.00,0.00
032,112025,1323393,4,032307202510020003,1,25.00,0.00,0.00
032,112025,1323411,4,032307202510020005,1,45.00,0.00,0.00
032,112025,1323429,6,032307202510020007,1,426.00,0.00,0.00
032,112025,1323724,5,032307202510020011,1,13.00,0.00,0.00
032,112025,1323724,5,032307202510020011,2,3.00,0.00,0.00
032,112025,1323904,1,032307202510020010,1,653.00,0.00,0.00
032,112025,1323937,1,032307202510030001,1,360.00,0.00,0.00
032,112025,1323944,5,032307202510030002,1,66.00,0.00,0.00
032,112025,1323944,5,032307202510030002,2,9.00,0.00,0.00
032,112025,1323944,5,032307202510030002,3,301.00,0.00,0.00
032,112025,1324051,1,032307202510030006,1,64.00,0.00,0.00
032,112025,1324150,5,032307202510030013,1,13.00,0.00,0.00
032,112025,1324201,1,032307202510030015,1,30.00,0.00,0.00
032,112025,1324386,3,032307202510040012,1,1477.00,0.00,0.00
032,112025,1324386,3,032307202510040012,2,2496.00,0.00,0.00
032,112025,1324386,3,032307202510040012,3,415.00,0.00,0.00
032,112025,1324395,1,032307202510040004,1,191.00,0.00,0.00
032,112025,1324488,5,032307202510040001,1,25.00,0.00,0.00
032,112025,1324531,1,032307202510040006,1,236.00,0.00,0.00
032,112025,1324618,2,032307202510040009,1,1816.00,0.00,0.00
032,112025,1324744,1,032307202510040013,1,1381.00,0.00,0.00
032,112025,1324744,1,032307202510040013,2,48.00,0.00,0.00
032,112025,1324796,2,032307202510040014,1,25.00,0.00,0.00
032,112025,1324821,6,032307202510050001,1,5.00,0.00,0.00
032,112025,1324870,1,032307202510050002,1,150.00,0.00,0.00
032,112025,1324901,1,032307202510050005,1,16.00,0.00,0.00
032,112025,1324917,4,032307202510050004,1,40.00,0.00,0.00
032,112025,1324918,5,032307202510050007,1,10.00,0.00,0.00
032,112025,1324947,1,032307202510050008,1,25.00,0.00,0.00
032,112025,1324958,1,032307202510050006,1,563.00,0.00,0.00
032,112025,1325697,1,032307202510060008,1,30.00,0.00,0.00
032,112025,1325889,1,032307202510070003,1,293.00,0.00,0.00
032,112025,1325962,6,032307202510070013,1,8.00,0.00,0.00
032,112025,1326043,4,032307202510070016,1,33.00,0.00,0.00
032,112025,1326253,2,032307202510070014,1,150.00,0.00,0.00
032,112025,1326274,3,032307202510070015,1,2.00,0.00,0.00
032,112025,1326297,1,032307202510080001,1,1176.00,0.00,0.00
032,112025,1326511,1,032307202510080009,1,5.00,0.00,0.00
032,112025,1326860,3,032307202510090003,1,314.00,0.00,0.00
032,112025,1327348,5,032307202510100003,1,15.00,0.00,0.00
032,112025,1327415,5,032307202510100004,1,5.00,0.00,0.00
032,112025,1327453,3,032307202510110006,1,2496.00,0.00,0.00
032,112025,1327453,3,032307202510110006,2,1535.00,0.00,0.00
032,112025,1327453,3,032307202510110006,3,415.00,0.00,0.00
032,112025,1327469,4,032307202510110001,1,864.00,0.00,0.00
032,112025,1327484,3,032307202510110005,1,764.00,0.00,0.00
032,112025,1327484,3,032307202510110005,2,770.00,0.00,0.00
032,112025,1327539,1,032307202510110003,1,8573.00,0.00,0.00
032,112025,1327608,1,032307202510110012,1,25.00,0.00,0.00
032,112025,1327618,2,032307202510110008,1,5.00,0.00,0.00
032,112025,1327718,2,032307202510110010,1,3019.00,0.00,0.00
032,112025,1327729,5,032307202510110022,1,53.00,0.00,0.00
032,112025,1327945,1,032307202510110013,1,3.00,0.00,0.00
032,112025,1328009,3,032307202510110015,1,15.00,0.00,0.00
032,112025,1328057,1,032307202510110014,1,3.00,0.00,0.00
032,112025,1328092,1,032307202510110011,1,87.00,0.00,0.00
032,112025,1328276,6,032307202510120002,1,10.00,0.00,0.00
032,112025,1328312,3,032307202510120001,1,50.00,0.00,0.00
032,112025,1328334,6,032307202510120004,1,43.00,0.00,0.00
032,112025,1328434,1,032307202510120007,1,40.00,0.00,0.00
032,112025,1328914,5,032307202510130007,1,15.00,0.00,0.00
032,112025,1328931,5,032307202510130009,1,10.00,0.00,0.00
032,112025,1328962,4,032307202510130008,1,10.00,0.00,0.00
032,112025,1329051,3,032307202510140002,1,5.00,0.00,0.00
032,112025,1329102,4,032307202510140003,1,5.00,0.00,0.00
032,112025,1329243,1,032307202510140005,1,1176.00,0.00,0.00
032,112025,1329253,3,032307202510140006,1,1925.00,0.00,0.00
032,112025,1329357,1,032307202510140007,1,575.00,0.00,0.00
032,112025,1329411,1,032307202510140008,1,50.00,0.00,0.00
032,112025,1329495,6,032307202510150001,1,3.00,0.00,0.00
032,112025,1329497,6,032307202510150006,1,5.00,0.00,0.00
032,112025,1329497,6,032307202510150007,1,15.00,0.00,0.00
032,112025,1329516,1,032307202510150002,1,40.00,0.00,0.00
032,112025,1329523,4,032307202510150003,1,25.00,0.00,0.00
032,112025,1329607,3,032307202510150010,1,15.00,0.00,0.00
032,112025,1329648,6,032307202510150005,1,10.00,0.00,0.00
032,112025,1329745,1,032307202510150009,1,50.00,0.00,0.00
032,112025,1329789,1,032307202510160001,1,5.00,0.00,0.00
032,112025,1330204,1,032307202510160003,1,10.00,0.00,0.00
032,112025,1330270,4,032307202510170001,1,573.00,0.00,0.00
032,112025,1330550,5,032307202510170004,1,13.00,0.00,0.00
032,112025,1330554,4,032307202510170002,1,10.00,0.00,0.00
032,112025,1330615,4,032307202510170003,1,10.00,0.00,0.00
032,112025,1330622,4,032307202510170005,1,10.00,0.00,0.00
032,112025,1330658,6,032307202510180003,1,5.00,0.00,0.00
032,112025,1330760,4,032307202510180004,1,10.00,0.00,0.00
032,112025,1330839,6,032307202510180005,1,67.00,0.00,0.00
032,112025,1330970,4,032307202510180006,1,25.00,0.00,0.00
032,112025,1331015,2,032307202510190010,1,10386.00,0.00,0.00
032,112025,1331023,5,032307202510190002,1,1107.00,0.00,0.00
032,112025,1331041,2,032307202510190008,1,630.00,0.00,0.00
032,112025,1331041,2,032307202510190013,1,630.00,0.00,0.00
032,112025,1331093,5,032307202510190005,2,5.00,0.00,0.00
032,112025,1331093,5,032307202510190006,1,432.00,0.00,0.00
032,112025,1331101,5,032307202510190003,1,15.00,0.00,0.00
032,112025,1331283,1,032307202510200003,1,3.00,0.00,0.00
032,112025,1331311,4,032307202510200005,1,10.00,0.00,0.00
032,112025,1331326,1,032307202510200001,1,67.00,0.00,0.00
032,112025,1331414,4,032307202510200006,1,15.00,0.00,0.00
032,112025,1331494,5,032307202510200010,1,51.00,0.00,0.00
032,112025,1331510,1,032307202510200012,1,25.00,0.00,0.00
032,112025,1331533,1,032307202510200014,1,25.00,0.00,0.00
032,112025,1331571,4,032307202510200018,1,153.00,0.00,0.00
032,112025,1331755,1,032307202510210005,1,3.00,0.00,0.00
032,112025,1331871,1,032307202510210008,1,10.00,0.00,0.00
032,112025,1331926,3,032307202510210011,1,30.00,0.00,0.00
032,112025,1331926,3,032307202510210013,2,15.00,0.00,0.00
032,112025,1331984,3,032307202510220008,1,2741.00,0.00,0.00
032,112025,1331984,3,032307202510220008,2,1477.00,0.00,0.00
032,112025,1331984,3,032307202510220008,3,415.00,0.00,0.00
032,112025,1332000,4,032307202510220002,1,353.00,0.00,0.00
032,112025,1332000,4,032307202510220002,2,2988.00,0.00,0.00
032,112025,1332000,4,032307202510220002,3,3332.00,0.00,0.00
032,112025,1332000,4,032307202510220002,4,6109.00,0.00,0.00
032,112025,1332155,4,032307202510220006,1,105.00,0.00,0.00
032,112025,1332283,1,032307202510220009,1,40.00,0.00,0.00
032,112025,1332380,3,032307202510220011,1,1892.00,0.00,0.00
032,112025,1332465,2,032307202510220015,1,455.00,0.00,0.00
032,112025,1332494,1,032307202510230001,1,8528.00,0.00,0.00
032,112025,1332592,1,032307202510230004,1,10.00,0.00,0.00
032,112025,1332622,5,032307202510230007,1,5.00,0.00,0.00
032,112025,1332628,5,032307202510230005,1,5.00,0.00,0.00
032,112025,1332721,3,032307202510230011,1,2.00,0.00,0.00
032,112025,1332868,4,032307202510240005,1,77.00,0.00,0.00
032,112025,1333219,1,032307202510240008,1,23.00,0.00,0.00
032,112025,1333252,2,032307202510240010,1,10.00,0.00,0.00
032,112025,1333644,3,032307202510250002,1,15.00,0.00,0.00
032,112025,1333863,3,032307202510260003,1,10.00,0.00,0.00
032,112025,1333899,1,032307202510260005,1,18.00,0.00,0.00
032,112025,1333904,5,032307202510260004,1,15.00,0.00,0.00
032,112025,1333919,3,032307202510260006,1,10.00,0.00,0.00
032,112025,1333959,2,032307202510260011,1,5.00,0.00,0.00
032,112025,1334169,1,032307202510270002,1,879.00,0.00,0.00
032,112025,1334169,1,032307202510270002,3,545.00,0.00,0.00
032,112025,1334210,4,032307202510270007,1,180.00,0.00,0.00
032,112025,1334240,3,032307202510270006,1,51.00,0.00,0.00
032,112025,1334251,4,032307202510270001,1,5.00,0.00,0.00
032,112025,1334291,5,032307202510270010,1,34.00,0.00,0.00
032,112025,1334294,2,032307202510270014,1,5.00,0.00,0.00
032,112025,1334319,4,032307202510270004,1,100.00,0.00,0.00
032,112025,1334357,1,032307202510270012,1,1176.00,0.00,0.00
032,112025,1334544,4,032307202510280008,2,18.00,0.00,0.00
032,112025,1334544,4,032307202510280009,1,235.00,0.00,0.00
032,112025,1334580,1,032307202510280002,1,10.00,0.00,0.00
032,112025,1334587,3,032307202510280003,1,165.00,0.00,0.00
032,112025,1334662,4,032307202510280001,1,3984.00,0.00,0.00
032,112025,1334782,5,032307202510280010,1,3.00,0.00,0.00
032,112025,1334925,4,032307202510280011,1,5.00,0.00,0.00
032,112025,1334930,1,032307202510280013,1,3.00,0.00,0.00
032,112025,1334956,1,032307202510280018,1,10.00,0.00,0.00
032,112025,1334979,6,032307202510290001,1,3813.00,0.00,0.00
032,112025,1335117,1,032307202510290002,1,45.00,0.00,0.00
032,112025,1335285,1,032307202510290003,1,45.00,0.00,0.00
032,112025,1335395,5,032307202510290010,1,10.00,0.00,0.00
032,112025,1335739,2,032307202510300001,1,319.00,0.00,0.00
032,112025,1335837,1,032307202510300004,1,580.00,0.00,0.00
032,112025,1335865,3,032307202510300003,1,640.00,0.00,0.00
032,112025,1335877,4,032307202510300002,1,45.00,0.00,0.00
032,112025,1336069,1,032307202510300010,1,10.00,0.00,0.00
032,112025,1336116,4,032307202510300011,1,5.00,0.00,0.00
032,112025,1336124,1,032307202510300013,1,146.00,0.00,0.00
032,112025,1336166,4,032307202510300016,1,25.00,0.00,0.00
032,112025,1336512,5,032307202510310007,1,3.00,0.00,0.00
032,112025,1343054,4,032307202510190011,1,1954.00,0.00,0.00
032,112025,1343054,4,032307202510190012,1,1954.00,0.00,0.00
