032,112025,2,1,2
032,112025,3,1,3
032,112025,4,1,4
032,112025,7,1,7
032,112025,8,1,8
032,112025,9,1,9
032,112025,11,1,11
032,112025,12,1,12
032,112025,14,1,14
032,112025,15,1,15
032,112025,16,1,16
032,112025,18,1,18
032,112025,19,1,19
032,112025,20,1,20
032,112025,22,1,22
032,112025,24,1,24
032,112025,25,1,25
032,112025,26,1,26
032,112025,27,1,27
032,112025,30,1,30
032,112025,31,1,31
032,112025,32,1,32
032,112025,34,1,34
032,112025,35,1,35
032,112025,36,1,36
032,112025,37,1,37
032,112025,38,1,38
032,112025,39,1,39
032,112025,40,1,40
032,112025,41,1,41
032,112025,42,1,42
032,112025,43,1,43
032,112025,44,1,44
032,112025,45,1,45
032,112025,46,1,46
032,112025,47,1,47
032,112025,48,1,48
032,112025,51,1,51
032,112025,52,1,52
032,112025,53,1,53
032,112025,54,1,54
032,112025,55,1,55
032,112025,56,1,56
032,112025,59,1,59
032,112025,60,1,60
032,112025,63,1,63
032,112025,64,1,64
032,112025,66,1,66
032,112025,69,1,69
032,112025,70,1,70
032,112025,72,1,72
032,112025,74,1,74
032,112025,75,1,75
032,112025,76,1,76
032,112025,77,1,77
032,112025,78,1,78
032,112025,80,1,80
032,112025,81,1,81
032,112025,83,1,83
032,112025,84,1,84
032,112025,86,1,86
032,112025,87,1,87
032,112025,88,1,88
032,112025,89,1,89
032,112025,90,1,90
032,112025,91,1,91
032,112025,92,1,92
032,112025,94,1,94
032,112025,95,1,95
032,112025,96,1,96
032,112025,97,1,97
032,112025,98,1,98
032,112025,99,1,99
032,112025,100,1,100
032,112025,104,1,104
032,112025,105,1,105
032,112025,106,1,106
032,112025,107,1,107
032,112025,108,1,108
032,112025,109,1,109
032,112025,110,1,110
032,112025,111,1,111
032,112025,112,1,112
032,112025,113,1,113
032,112025,115,1,115
032,112025,116,1,116
032,112025,118,1,118
032,112025,121,1,121
032,112025,124,1,124
032,112025,125,1,125
032,112025,126,1,126
032,112025,127,1,127
032,112025,128,1,128
032,112025,132,1,132
032,112025,133,1,133
032,112025,134,1,134
032,112025,135,1,135
032,112025,136,1,136
032,112025,137,1,137
032,112025,138,1,138
032,112025,139,1,139
032,112025,140,1,140
032,112025,141,1,141
032,112025,142,1,142
032,112025,143,1,143
032,112025,144,1,144
032,112025,145,1,145
032,112025,146,1,146
032,112025,147,1,147
032,112025,148,1,148
032,112025,149,1,149
032,112025,150,1,150
032,112025,151,1,151
032,112025,152,1,152
032,112025,153,1,153
032,112025,154,1,154
032,112025,155,1,155
032,112025,156,1,156
032,112025,157,1,157
032,112025,158,1,158
032,112025,160,1,160
032,112025,161,1,161
032,112025,162,1,162
032,112025,163,1,163
032,112025,164,1,164
032,112025,166,1,166
032,112025,167,1,167
032,112025,168,1,168
032,112025,169,1,169
032,112025,170,1,170
032,112025,171,1,171
032,112025,172,1,172
032,112025,173,1,173
032,112025,174,1,174
032,112025,175,1,175
032,112025,176,1,176
032,112025,177,1,177
032,112025,178,1,178
032,112025,179,1,179
032,112025,180,1,180
032,112025,181,1,181
032,112025,182,1,182
032,112025,183,1,183
032,112025,184,1,184
032,112025,185,1,185
032,112025,186,1,186
032,112025,187,1,187
032,112025,189,1,189
032,112025,190,1,190
032,112025,191,1,191
032,112025,192,1,192
032,112025,194,1,194
032,112025,195,1,195
032,112025,196,1,196
032,112025,197,1,197
032,112025,198,1,198
032,112025,199,1,199
032,112025,200,1,200
032,112025,201,1,201
032,112025,202,1,202
032,112025,204,1,204
032,112025,205,1,205
032,112025,206,1,206
032,112025,207,1,207
032,112025,211,1,211
032,112025,213,1,213
032,112025,214,1,214
032,112025,216,1,216
032,112025,218,1,218
032,112025,219,1,219
032,112025,220,1,220
032,112025,221,1,221
032,112025,222,1,222
032,112025,223,1,223
032,112025,225,1,225
032,112025,227,1,227
032,112025,228,1,228
032,112025,229,1,229
032,112025,230,1,230
032,112025,231,1,231
032,112025,232,1,232
032,112025,233,1,233
032,112025,234,1,234
032,112025,235,1,235
032,112025,237,1,237
032,112025,238,1,238
032,112025,240,1,240
032,112025,241,1,241
032,112025,242,1,242
032,112025,243,1,243
032,112025,246,1,246
032,112025,247,1,247
032,112025,248,1,248
032,112025,249,1,249
032,112025,251,1,251
032,112025,252,1,252
032,112025,253,1,253
032,112025,255,1,255
032,112025,256,1,256
032,112025,258,1,258
032,112025,259,1,259
032,112025,260,1,260
032,112025,261,1,261
032,112025,262,1,262
032,112025,263,1,263
032,112025,264,1,264
032,112025,265,1,265
032,112025,266,1,266
032,112025,270,1,270
032,112025,272,1,272
032,112025,273,1,273
032,112025,274,1,274
032,112025,275,1,275
032,112025,276,1,276
032,112025,277,1,277
032,112025,278,1,278
032,112025,280,1,280
032,112025,281,1,281
032,112025,285,1,285
032,112025,286,1,286
032,112025,287,1,287
032,112025,288,1,288
032,112025,290,1,290
032,112025,291,1,291
032,112025,292,1,292
032,112025,293,1,293
032,112025,294,1,294
032,112025,295,1,295
032,112025,298,1,298
032,112025,299,1,299
032,112025,300,1,300
032,112025,302,1,302
032,112025,304,1,304
032,112025,305,1,305
032,112025,306,1,306
032,112025,307,1,307
032,112025,308,1,308
032,112025,310,1,310
032,112025,311,1,311
032,112025,312,1,312
032,112025,313,1,313
032,112025,314,1,314
032,112025,315,1,315
032,112025,316,1,316
032,112025,317,1,317
032,112025,318,1,318
032,112025,321,1,321
032,112025,322,1,322
032,112025,323,1,323
032,112025,324,1,324
032,112025,326,1,326
032,112025,328,1,328
032,112025,330,1,330
032,112025,332,1,332
032,112025,333,1,333
032,112025,334,1,334
032,112025,336,1,336
032,112025,337,1,337
032,112025,338,1,338
032,112025,339,1,339
032,112025,343,1,343
032,112025,344,1,344
032,112025,345,1,345
032,112025,346,1,346
032,112025,348,1,348
032,112025,349,1,349
032,112025,350,1,350
032,112025,351,1,351
032,112025,352,1,352
032,112025,353,1,353
032,112025,354,1,354
032,112025,355,1,355
032,112025,356,1,356
032,112025,357,1,357
032,112025,359,1,359
032,112025,361,1,361
032,112025,362,1,362
032,112025,364,1,364
032,112025,365,1,365
032,112025,367,1,367
032,112025,368,1,368
032,112025,369,1,369
032,112025,370,1,370
032,112025,371,1,371
032,112025,372,1,372
032,112025,374,1,374
032,112025,375,1,375
032,112025,376,1,376
032,112025,377,1,377
032,112025,378,1,378
032,112025,379,1,379
032,112025,380,1,380
032,112025,381,1,381
032,112025,383,1,383
032,112025,384,1,384
032,112025,385,1,385
032,112025,387,1,387
032,112025,388,1,388
032,112025,389,1,389
032,112025,390,1,390
032,112025,391,1,391
032,112025,392,1,392
032,112025,394,1,394
032,112025,395,1,395
032,112025,397,1,397
032,112025,398,1,398
032,112025,399,1,399
032,112025,400,1,400
032,112025,401,1,401
032,112025,402,1,402
032,112025,404,1,404
032,112025,406,1,406
032,112025,407,1,407
032,112025,408,1,408
032,112025,409,1,409
032,112025,410,1,410
032,112025,411,1,411
032,112025,412,1,412
032,112025,413,1,413
032,112025,414,1,414
032,112025,419,1,419
032,112025,420,1,420
032,112025,421,1,421
032,112025,422,1,422
032,112025,423,1,423
032,112025,424,1,424
032,112025,425,1,425
032,112025,426,1,426
032,112025,427,1,427
032,112025,428,1,428
032,112025,429,1,429
032,112025,430,1,430
032,112025,431,1,431
032,112025,433,1,433
032,112025,436,1,436
032,112025,438,1,438
032,112025,439,1,439
032,112025,440,1,440
032,112025,441,1,441
032,112025,442,1,442
032,112025,444,1,444
032,112025,445,1,445
032,112025,446,1,446
032,112025,447,1,447
032,112025,448,1,448
032,112025,450,1,450
032,112025,451,1,451
032,112025,452,1,452
032,112025,453,1,453
032,112025,454,1,454
032,112025,455,1,455
032,112025,456,1,456
032,112025,460,1,460
032,112025,461,1,461
032,112025,463,1,463
032,112025,464,1,464
032,112025,465,1,465
032,112025,467,1,467
032,112025,468,1,468
032,112025,469,1,469
032,112025,470,1,470
032,112025,471,1,471
032,112025,472,1,472
032,112025,474,1,474
032,112025,475,1,475
032,112025,476,1,476
032,112025,477,1,477
032,112025,478,1,478
032,112025,480,1,480
032,112025,481,1,481
032,112025,482,1,482
032,112025,484,1,484
032,112025,486,1,486
032,112025,487,1,487
032,112025,490,1,490
032,112025,493,1,493
032,112025,495,1,495
032,112025,496,1,496
032,112025,497,1,497
032,112025,499,1,499
032,112025,500,1,500
032,112025,502,1,502
032,112025,504,1,504
032,112025,506,1,506
032,112025,507,1,507
032,112025,509,1,509
032,112025,510,1,510
032,112025,511,1,511
032,112025,512,1,512
032,112025,513,1,513
032,112025,514,1,514
032,112025,516,1,516
032,112025,517,1,517
032,112025,519,1,519
032,112025,520,1,520
032,112025,521,1,521
032,112025,522,1,522
032,112025,524,1,524
032,112025,526,1,526
032,112025,527,1,527
032,112025,528,1,528
032,112025,529,1,529
032,112025,530,1,530
032,112025,531,1,531
032,112025,533,1,533
032,112025,536,1,536
032,112025,543,1,543
032,112025,544,1,544
032,112025,545,1,545
032,112025,546,1,546
032,112025,548,1,548
032,112025,549,1,549
032,112025,550,1,550
032,112025,551,1,551
032,112025,552,1,552
032,112025,553,1,553
032,112025,554,1,554
032,112025,556,1,556
032,112025,557,1,557
032,112025,558,1,558
032,112025,559,1,559
032,112025,562,1,562
032,112025,563,1,563
032,112025,565,1,565
032,112025,566,1,566
032,112025,567,1,567
032,112025,568,1,568
032,112025,569,1,569
032,112025,570,1,570
032,112025,571,1,571
032,112025,572,1,572
032,112025,573,1,573
032,112025,574,1,574
032,112025,576,1,576
032,112025,577,1,577
032,112025,578,1,578
032,112025,579,1,579
032,112025,580,1,580
032,112025,581,1,581
032,112025,582,1,582
032,112025,583,1,583
032,112025,584,1,584
032,112025,586,1,586
032,112025,587,1,587
032,112025,588,1,588
032,112025,589,1,589
032,112025,590,1,590
032,112025,592,1,592
032,112025,593,1,593
032,112025,594,1,594
032,112025,595,1,595
032,112025,596,1,596
032,112025,597,1,597
032,112025,598,1,598
032,112025,599,1,599
032,112025,600,1,600
032,112025,601,1,601
032,112025,602,1,602
032,112025,603,1,603
032,112025,604,1,604
032,112025,606,1,606
032,112025,607,1,607
032,112025,609,1,609
032,112025,610,1,610
032,112025,612,1,612
032,112025,614,1,614
032,112025,615,1,615
032,112025,616,1,616
032,112025,617,1,617
032,112025,618,1,618
032,112025,619,1,619
032,112025,620,1,620
032,112025,621,1,621
032,112025,622,1,622
032,112025,627,1,627
032,112025,628,1,628
032,112025,629,1,629
032,112025,630,1,630
032,112025,631,1,631
032,112025,632,1,632
032,112025,633,1,633
032,112025,634,1,634
032,112025,635,1,635
032,112025,636,1,636
032,112025,637,1,637
032,112025,638,1,638
032,112025,639,1,639
032,112025,640,1,640
032,112025,641,1,641
032,112025,642,1,642
032,112025,643,1,643
032,112025,644,1,644
032,112025,645,1,645
032,112025,646,1,646
032,112025,647,1,647
032,112025,648,1,648
032,112025,649,1,649
032,112025,650,1,650
032,112025,651,1,651
032,112025,653,1,653
032,112025,654,1,654
032,112025,655,1,655
032,112025,656,1,656
032,112025,657,1,657
032,112025,658,1,658
032,112025,659,1,659
032,112025,660,1,660
032,112025,661,1,661
032,112025,662,1,662
032,112025,663,1,663
032,112025,664,1,664
032,112025,665,1,665
032,112025,666,1,666
032,112025,667,1,667
032,112025,668,1,668
032,112025,669,1,669
032,112025,670,1,670
032,112025,671,1,671
032,112025,672,1,672
032,112025,673,1,673
032,112025,674,1,674
032,112025,675,1,675
032,112025,676,1,676
032,112025,677,1,677
032,112025,678,1,678
032,112025,679,1,679
032,112025,682,1,682
032,112025,683,1,683
032,112025,684,1,684
032,112025,685,1,685
032,112025,686,1,686
032,112025,687,1,687
032,112025,689,1,689
032,112025,692,1,692
032,112025,694,1,694
032,112025,695,1,695
032,112025,696,1,696
032,112025,697,1,697
032,112025,698,1,698
032,112025,699,1,699
032,112025,700,1,700
032,112025,701,1,701
032,112025,702,1,702
032,112025,703,1,703
032,112025,704,1,704
032,112025,705,1,705
032,112025,706,1,706
032,112025,707,1,707
032,112025,708,1,708
032,112025,709,1,709
032,112025,710,1,710
032,112025,711,1,711
032,112025,712,1,712
032,112025,713,1,713
032,112025,714,1,714
032,112025,715,1,715
032,112025,716,1,716
032,112025,717,1,717
032,112025,718,1,718
032,112025,719,1,719
032,112025,720,1,720
032,112025,721,1,721
032,112025,722,1,722
032,112025,723,1,723
032,112025,725,1,725
032,112025,726,1,726
032,112025,727,1,727
032,112025,735,1,735
032,112025,736,1,736
032,112025,737,1,737
032,112025,738,1,738
032,112025,739,1,739
032,112025,740,1,740
032,112025,741,1,741
032,112025,742,1,742
032,112025,746,1,746
032,112025,747,1,747
032,112025,749,1,749
032,112025,750,1,750
032,112025,751,1,751
032,112025,752,1,752
032,112025,753,1,753
032,112025,755,1,755
032,112025,756,1,756
032,112025,757,1,757
032,112025,758,1,758
032,112025,759,1,759
032,112025,760,1,760
032,112025,761,1,761
032,112025,762,1,762
032,112025,763,1,763
032,112025,764,1,764
032,112025,765,1,765
032,112025,766,1,766
032,112025,767,1,767
032,112025,769,1,769
032,112025,772,1,772
032,112025,773,1,773
032,112025,774,1,774
032,112025,775,1,775
032,112025,776,1,776
032,112025,777,1,777
032,112025,778,1,778
032,112025,779,1,779
032,112025,780,1,780
032,112025,781,1,781
032,112025,782,1,782
032,112025,783,1,783
032,112025,784,1,784
032,112025,785,1,785
032,112025,786,1,786
032,112025,789,1,789
032,112025,790,1,790
032,112025,792,1,792
032,112025,793,1,793
032,112025,794,1,794
032,112025,795,1,795
032,112025,796,1,796
032,112025,797,1,797
032,112025,798,1,798
032,112025,799,1,799
032,112025,802,1,802
032,112025,803,1,803
032,112025,804,1,804
032,112025,805,1,805
032,112025,806,1,806
032,112025,807,1,807
032,112025,808,1,808
032,112025,809,1,809
032,112025,810,1,810
032,112025,811,1,811
032,112025,812,1,812
032,112025,813,1,813
032,112025,814,1,814
032,112025,815,1,815
032,112025,816,1,816
032,112025,817,1,817
032,112025,818,1,818
032,112025,819,1,819
032,112025,820,1,820
032,112025,821,1,821
032,112025,822,1,822
032,112025,823,1,823
032,112025,824,1,824
032,112025,825,1,825
032,112025,826,1,826
032,112025,827,1,827
032,112025,828,1,828
032,112025,829,1,829
032,112025,830,1,830
032,112025,831,1,831
032,112025,832,1,832
032,112025,833,1,833
032,112025,834,1,834
032,112025,835,1,835
032,112025,836,1,836
032,112025,837,1,837
032,112025,838,1,838
032,112025,839,1,839
032,112025,840,1,840
032,112025,841,1,841
032,112025,842,1,842
032,112025,843,1,843
032,112025,844,1,844
032,112025,845,1,845
032,112025,846,1,846
032,112025,847,1,847
032,112025,848,1,848
032,112025,849,1,849
032,112025,850,1,850
032,112025,851,1,851
032,112025,852,1,852
032,112025,853,1,853
032,112025,854,1,854
032,112025,855,1,855
032,112025,856,1,856
032,112025,858,1,858
032,112025,859,1,859
032,112025,860,1,860
032,112025,862,1,862
032,112025,864,1,864
032,112025,865,1,865
032,112025,866,1,866
032,112025,868,1,868
032,112025,870,1,870
032,112025,871,1,871
032,112025,873,1,873
032,112025,874,1,874
032,112025,875,1,875
032,112025,876,1,876
032,112025,877,1,877
032,112025,878,1,878
032,112025,879,1,879
032,112025,880,1,880
032,112025,882,1,882
032,112025,883,1,883
032,112025,884,1,884
032,112025,885,1,885
032,112025,886,1,886
032,112025,887,1,887
032,112025,888,1,888
032,112025,889,1,889
032,112025,891,1,891
032,112025,892,1,892
032,112025,893,1,893
032,112025,894,1,894
032,112025,895,1,895
032,112025,896,1,896
032,112025,897,1,897
032,112025,898,1,898
032,112025,899,1,899
032,112025,900,1,900
032,112025,901,1,901
032,112025,902,1,902
032,112025,903,1,903
032,112025,904,1,904
032,112025,905,1,905
032,112025,906,1,906
032,112025,907,1,907
032,112025,908,1,908
032,112025,909,1,909
032,112025,910,1,910
032,112025,911,1,911
032,112025,912,1,912
032,112025,913,1,913
032,112025,914,1,914
032,112025,916,1,916
032,112025,917,1,917
032,112025,918,1,918
032,112025,919,1,919
032,112025,920,1,920
032,112025,921,1,921
032,112025,922,1,922
032,112025,923,1,923
032,112025,925,1,925
032,112025,926,1,926
032,112025,927,1,927
032,112025,928,1,928
032,112025,929,1,929
032,112025,930,1,930
032,112025,931,1,931
032,112025,932,1,932
032,112025,933,1,933
032,112025,934,1,934
032,112025,935,1,935
032,112025,936,1,936
032,112025,938,1,938
032,112025,939,1,939
032,112025,940,1,940
032,112025,941,1,941
032,112025,942,1,942
032,112025,943,1,943
032,112025,944,1,944
032,112025,945,1,945
032,112025,946,1,946
032,112025,947,1,947
032,112025,949,1,949
032,112025,950,1,950
032,112025,951,1,951
032,112025,952,1,952
032,112025,953,1,953
032,112025,954,1,954
032,112025,955,1,955
032,112025,956,1,956
032,112025,960,1,960
032,112025,961,1,961
032,112025,962,1,962
032,112025,963,1,963
032,112025,964,1,964
032,112025,965,1,965
032,112025,966,1,966
032,112025,967,1,967
032,112025,969,1,969
032,112025,971,1,971
032,112025,972,1,972
032,112025,973,1,973
032,112025,974,1,974
032,112025,975,1,975
032,112025,976,1,976
032,112025,977,1,977
032,112025,978,1,978
032,112025,979,1,979
032,112025,980,1,980
032,112025,982,1,982
032,112025,983,1,983
032,112025,985,1,985
032,112025,986,1,986
032,112025,987,1,987
032,112025,988,1,988
032,112025,989,1,989
032,112025,990,1,990
032,112025,991,1,991
032,112025,992,1,992
032,112025,993,1,993
032,112025,994,1,994
032,112025,995,1,995
032,112025,996,1,996
032,112025,997,1,997
032,112025,998,1,998
032,112025,999,1,999
032,112025,1000,1,1000
032,112025,1001,1,1001
032,112025,1003,1,1003
032,112025,1004,1,1004
032,112025,1005,1,1005
032,112025,1006,1,1006
032,112025,1008,1,1008
032,112025,1009,1,1009
032,112025,1010,1,1010
032,112025,1011,1,1011
032,112025,1012,1,1012
032,112025,1013,1,1013
032,112025,1014,1,1014
032,112025,1015,1,1015
032,112025,1016,1,1016
032,112025,1017,1,1017
032,112025,1018,1,1018
032,112025,1019,1,1019
032,112025,1020,1,1020
032,112025,1021,1,1021
032,112025,1022,1,1022
032,112025,1023,1,1023
032,112025,1024,1,1024
032,112025,1029,1,1029
032,112025,1031,1,1031
032,112025,1032,1,1032
032,112025,1033,1,1033
032,112025,1034,1,1034
032,112025,1035,1,1035
032,112025,1036,1,1036
032,112025,1037,1,1037
032,112025,1038,1,1038
032,112025,1039,1,1039
032,112025,1040,1,1040
032,112025,1042,1,1042
032,112025,1045,1,1045
032,112025,1046,1,1046
032,112025,1047,1,1047
032,112025,1048,1,1048
032,112025,1049,1,1049
032,112025,1050,1,1050
032,112025,1051,1,1051
032,112025,1052,1,1052
032,112025,1053,1,1053
032,112025,1054,1,1054
032,112025,1055,1,1055
032,112025,1056,1,1056
032,112025,1057,1,1057
032,112025,1058,1,1058
032,112025,1059,1,1059
032,112025,1060,1,1060
032,112025,1061,1,1061
032,112025,1062,1,1062
032,112025,1063,1,1063
032,112025,1064,1,1064
032,112025,1065,1,1065
032,112025,1066,1,1066
032,112025,1067,1,1067
032,112025,1068,1,1068
032,112025,1069,1,1069
032,112025,1070,1,1070
032,112025,1071,1,1071
032,112025,1072,1,1072
032,112025,1073,1,1073
032,112025,1075,1,1075
032,112025,1076,1,1076
032,112025,1077,1,1077
032,112025,1078,1,1078
032,112025,1079,1,1079
032,112025,1080,1,1080
032,112025,1081,1,1081
032,112025,1082,1,1082
032,112025,1083,1,1083
032,112025,1084,1,1084
032,112025,1085,1,1085
032,112025,1086,1,1086
032,112025,1087,1,1087
032,112025,1088,1,1088
032,112025,1089,1,1089
032,112025,1090,1,1090
032,112025,1091,1,1091
032,112025,1092,1,1092
032,112025,1093,1,1093
032,112025,1094,1,1094
032,112025,1095,1,1095
032,112025,1097,1,1097
032,112025,1098,1,1098
032,112025,1099,1,1099
032,112025,1100,1,1100
032,112025,1101,1,1101
032,112025,1102,1,1102
032,112025,1103,1,1103
032,112025,1104,1,1104
032,112025,1105,1,1105
032,112025,1106,1,1106
032,112025,1107,1,1107
032,112025,1108,1,1108
032,112025,1109,1,1109
032,112025,1110,1,1110
032,112025,1111,1,1111
032,112025,1112,1,1112
032,112025,1113,1,1113
032,112025,1114,1,1114
032,112025,1116,1,1116
032,112025,1117,1,1117
032,112025,1118,1,1118
032,112025,1119,1,1119
032,112025,1120,1,1120
032,112025,1121,1,1121
032,112025,1122,1,1122
032,112025,1123,1,1123
032,112025,1124,1,1124
032,112025,1125,1,1125
032,112025,1126,1,1126
032,112025,1127,1,1127
032,112025,1129,1,1129
032,112025,1130,1,1130
032,112025,1131,1,1131
032,112025,1133,1,1133
032,112025,1134,1,1134
032,112025,1135,1,1135
032,112025,1136,1,1136
032,112025,1137,1,1137
032,112025,1138,1,1138
032,112025,1139,1,1139
032,112025,1140,1,1140
032,112025,1141,1,1141
032,112025,1142,1,1142
032,112025,1143,1,1143
032,112025,1144,1,1144
032,112025,1145,1,1145
032,112025,1146,1,1146
032,112025,1147,1,1147
032,112025,1148,1,1148
032,112025,1149,1,1149
032,112025,1150,1,1150
032,112025,1151,1,1151
032,112025,1152,1,1152
032,112025,1153,1,1153
032,112025,1154,1,1154
032,112025,1155,1,1155
032,112025,1156,1,1156
032,112025,1157,1,1157
032,112025,1158,1,1158
032,112025,1159,1,1159
032,112025,1160,1,1160
032,112025,1161,1,1161
032,112025,1162,1,1162
032,112025,1163,1,1163
032,112025,1164,1,1164
032,112025,1165,1,1165
032,112025,1166,1,1166
032,112025,1167,1,1167
032,112025,1168,1,1168
032,112025,1169,1,1169
032,112025,1170,1,1170
032,112025,1171,1,1171
032,112025,1172,1,1172
032,112025,1173,1,1173
032,112025,1174,1,1174
032,112025,1175,1,1175
032,112025,1176,1,1176
032,112025,1177,1,1177
032,112025,1178,1,1178
032,112025,1179,1,1179
032,112025,1180,1,1180
032,112025,1181,1,1181
032,112025,1182,1,1182
032,112025,1183,1,1183
032,112025,1184,1,1184
032,112025,1185,1,1185
032,112025,1186,1,1186
032,112025,1187,1,1187
032,112025,1188,1,1188
032,112025,1189,1,1189
032,112025,1190,1,1190
032,112025,1192,1,1192
032,112025,1193,1,1193
032,112025,1194,1,1194
032,112025,1196,1,1196
032,112025,1197,1,1197
032,112025,1199,1,1199
032,112025,1200,1,1200
032,112025,1201,1,1201
032,112025,1202,1,1202
032,112025,1203,1,1203
032,112025,1204,1,1204
032,112025,1205,1,1205
032,112025,1206,1,1206
032,112025,1208,1,1208
032,112025,1209,1,1209
032,112025,1210,1,1210
032,112025,1211,1,1211
032,112025,1212,1,1212
032,112025,1213,1,1213
032,112025,1214,1,1214
032,112025,1215,1,1215
032,112025,1216,1,1216
032,112025,1218,1,1218
032,112025,1219,1,1219
032,112025,1220,1,1220
032,112025,1221,1,1221
032,112025,1223,1,1223
032,112025,1224,1,1224
032,112025,1225,1,1225
032,112025,1226,1,1226
032,112025,1227,1,1227
032,112025,1229,1,1229
032,112025,1230,1,1230
032,112025,1231,1,1231
032,112025,1232,1,1232
032,112025,1233,1,1233
032,112025,1234,1,1234
032,112025,1235,1,1235
032,112025,1236,1,1236
032,112025,1237,1,1237
032,112025,1238,1,1238
032,112025,1239,1,1239
032,112025,1240,1,1240
032,112025,1241,1,1241
032,112025,1242,1,1242
032,112025,1243,1,1243
032,112025,1245,1,1245
032,112025,1246,1,1246
032,112025,1247,1,1247
032,112025,1248,1,1248
032,112025,1249,1,1249
032,112025,1251,1,1251
032,112025,1252,1,1252
032,112025,1253,1,1253
032,112025,1254,1,1254
032,112025,1256,1,1256
032,112025,1257,1,1257
032,112025,1258,1,1258
032,112025,1261,1,1261
032,112025,1263,1,1263
032,112025,1266,1,1266
032,112025,1268,1,1268
032,112025,1269,1,1269
032,112025,1271,1,1271
032,112025,1272,1,1272
032,112025,1274,1,1274
032,112025,1275,1,1275
032,112025,1276,1,1276
032,112025,1277,1,1277
032,112025,1279,1,1279
032,112025,1280,1,1280
032,112025,1281,1,1281
032,112025,1283,1,1283
032,112025,1285,1,1285
032,112025,1286,1,1286
032,112025,1287,1,1287
032,112025,1288,1,1288
032,112025,1289,1,1289
032,112025,1290,1,1290
032,112025,1291,1,1291
032,112025,1292,1,1292
032,112025,1293,1,1293
032,112025,1294,1,1294
032,112025,1295,1,1295
032,112025,1296,1,1296
032,112025,1297,1,1297
032,112025,1298,1,1298
032,112025,1299,1,1299
032,112025,1300,1,1300
032,112025,1301,1,1301
032,112025,1302,1,1302
032,112025,1305,1,1305
032,112025,1306,1,1306
032,112025,1307,1,1307
032,112025,1309,1,1309
032,112025,1310,1,1310
032,112025,1311,1,1311
032,112025,1313,1,1313
032,112025,1314,1,1314
032,112025,1315,1,1315
032,112025,1316,1,1316
032,112025,1317,1,1317
032,112025,1318,1,1318
032,112025,1319,1,1319
032,112025,1320,1,1320
032,112025,1321,1,1321
032,112025,1322,1,1322
032,112025,1323,1,1323
032,112025,1324,1,1324
032,112025,1325,1,1325
032,112025,1326,1,1326
032,112025,1327,1,1327
032,112025,1328,1,1328
032,112025,1329,1,1329
032,112025,1330,1,1330
032,112025,1331,1,1331
032,112025,1333,1,1333
032,112025,1334,1,1334
032,112025,1336,1,1336
032,112025,1337,1,1337
032,112025,1338,1,1338
032,112025,1339,1,1339
032,112025,1340,1,1340
032,112025,1341,1,1341
032,112025,1342,1,1342
032,112025,1343,1,1343
032,112025,1344,1,1344
032,112025,1345,1,1345
032,112025,1347,1,1347
032,112025,1348,1,1348
032,112025,1349,1,1349
032,112025,1350,1,1350
032,112025,1351,1,1351
032,112025,1352,1,1352
032,112025,1353,1,1353
032,112025,1354,1,1354
032,112025,1356,1,1356
032,112025,1357,1,1357
032,112025,1358,1,1358
032,112025,1359,1,1359
032,112025,1360,1,1360
032,112025,1361,1,1361
032,112025,1362,1,1362
032,112025,1363,1,1363
032,112025,1364,1,1364
032,112025,1365,1,1365
032,112025,1366,1,1366
032,112025,1367,1,1367
032,112025,1368,1,1368
032,112025,1369,1,1369
032,112025,1370,1,1370
032,112025,1371,1,1371
032,112025,1372,1,1372
032,112025,1373,1,1373
032,112025,1374,1,1374
032,112025,1375,1,1375
032,112025,1378,1,1378
032,112025,1379,1,1379
032,112025,1380,1,1380
032,112025,1381,1,1381
032,112025,1382,1,1382
032,112025,1384,1,1384
032,112025,1385,1,1385
032,112025,1386,1,1386
032,112025,1388,1,1388
032,112025,1389,1,1389
032,112025,1391,1,1391
032,112025,1392,1,1392
032,112025,1393,1,1393
032,112025,1394,1,1394
032,112025,1395,1,1395
032,112025,1396,1,1396
032,112025,1397,1,1397
032,112025,1398,1,1398
032,112025,1399,1,1399
032,112025,1400,1,1400
032,112025,1401,1,1401
032,112025,1402,1,1402
032,112025,1403,1,1403
032,112025,1404,1,1404
032,112025,1406,1,1406
032,112025,1407,1,1407
032,112025,1408,1,1408
032,112025,1409,1,1409
032,112025,1410,1,1410
032,112025,1411,1,1411
032,112025,1412,1,1412
032,112025,1413,1,1413
032,112025,1414,1,1414
032,112025,1415,1,1415
032,112025,1416,1,1416
032,112025,1419,1,1419
032,112025,1420,1,1420
032,112025,1421,1,1421
032,112025,1423,1,1423
032,112025,1424,1,1424
032,112025,1425,1,1425
032,112025,1426,1,1426
032,112025,1427,1,1427
032,112025,1428,1,1428
032,112025,1429,1,1429
032,112025,1430,1,1430
032,112025,1431,1,1431
032,112025,1432,1,1432
032,112025,1433,1,1433
032,112025,1434,1,1434
032,112025,1435,1,1435
032,112025,1436,1,1436
032,112025,1437,1,1437
032,112025,1438,1,1438
032,112025,1440,1,1440
032,112025,1441,1,1441
032,112025,1442,1,1442
032,112025,1443,1,1443
032,112025,1445,1,1445
032,112025,1446,1,1446
032,112025,1447,1,1447
032,112025,1448,1,1448
032,112025,1449,1,1449
032,112025,1450,1,1450
032,112025,1453,1,1453
032,112025,1454,1,1454
032,112025,1455,1,1455
032,112025,1456,1,1456
032,112025,1457,1,1457
032,112025,1459,1,1459
032,112025,1460,1,1460
032,112025,1463,1,1463
032,112025,1465,1,1465
032,112025,1466,1,1466
032,112025,1467,1,1467
032,112025,1468,1,1468
032,112025,1470,1,1470
032,112025,1471,1,1471
032,112025,1472,1,1472
032,112025,1473,1,1473
032,112025,1474,1,1474
032,112025,1475,1,1475
032,112025,1476,1,1476
032,112025,1477,1,1477
032,112025,1478,1,1478
032,112025,1479,1,1479
032,112025,1480,1,1480
032,112025,1481,1,1481
032,112025,1482,1,1482
032,112025,1483,1,1483
032,112025,1484,1,1484
032,112025,1485,1,1485
032,112025,1486,1,1486
032,112025,1487,1,1487
032,112025,1488,1,1488
032,112025,1490,1,1490
032,112025,1491,1,1491
032,112025,1492,1,1492
032,112025,1493,1,1493
032,112025,1494,1,1494
032,112025,1495,1,1495
032,112025,1497,1,1497
032,112025,1498,1,1498
032,112025,1499,1,1499
032,112025,1501,1,1501
032,112025,1502,1,1502
032,112025,1503,1,1503
032,112025,1504,1,1504
032,112025,1506,1,1506
032,112025,1507,1,1507
032,112025,1508,1,1508
032,112025,1509,1,1509
032,112025,1512,1,1512
032,112025,1513,1,1513
032,112025,1514,1,1514
032,112025,1515,1,1515
032,112025,1516,1,1516
032,112025,1517,1,1517
032,112025,1518,1,1518
032,112025,1519,1,1519
032,112025,1520,1,1520
032,112025,1522,1,1522
032,112025,1523,1,1523
032,112025,1524,1,1524
032,112025,1525,1,1525
032,112025,1526,1,1526
032,112025,1527,1,1527
032,112025,1529,1,1529
032,112025,1530,1,1530
032,112025,1531,1,1531
032,112025,1532,1,1532
032,112025,1534,1,1534
032,112025,1535,1,1535
032,112025,1536,1,1536
032,112025,1538,1,1538
032,112025,1539,1,1539
032,112025,1540,1,1540
032,112025,1541,1,1541
032,112025,1542,1,1542
032,112025,1543,1,1543
032,112025,1544,1,1544
032,112025,1545,1,1545
032,112025,1546,1,1546
032,112025,1547,1,1547
032,112025,1549,1,1549
032,112025,1550,1,1550
032,112025,1552,1,1552
032,112025,1553,1,1553
032,112025,1554,1,1554
032,112025,1555,1,1555
032,112025,1556,1,1556
032,112025,1557,1,1557
032,112025,1558,1,1558
032,112025,1559,1,1559
032,112025,1560,1,1560
032,112025,1561,1,1561
032,112025,1562,1,1562
032,112025,1563,1,1563
032,112025,1564,1,1564
032,112025,1565,1,1565
032,112025,1566,1,1566
032,112025,1567,1,1567
032,112025,1568,1,1568
032,112025,1569,1,1569
032,112025,1571,1,1571
032,112025,1572,1,1572
032,112025,1573,1,1573
032,112025,1574,1,1574
032,112025,1575,1,1575
032,112025,1576,1,1576
032,112025,1577,1,1577
032,112025,1578,1,1578
032,112025,1579,1,1579
032,112025,1580,1,1580
032,112025,1582,1,1582
032,112025,1583,1,1583
032,112025,1584,1,1584
032,112025,1585,1,1585
032,112025,1587,1,1587
032,112025,1589,1,1589
032,112025,1591,1,1591
032,112025,1592,1,1592
032,112025,1595,1,1595
032,112025,1596,1,1596
032,112025,1599,1,1599
032,112025,1600,1,1600
032,112025,1601,1,1601
032,112025,1602,1,1602
032,112025,1603,1,1603
032,112025,1604,1,1604
032,112025,1605,1,1605
032,112025,1606,1,1606
032,112025,1608,1,1608
032,112025,1609,1,1609
032,112025,1610,1,1610
032,112025,1611,1,1611
032,112025,1612,1,1612
032,112025,1613,1,1613
032,112025,1614,1,1614
032,112025,1615,1,1615
032,112025,1616,1,1616
032,112025,1617,1,1617
032,112025,1618,1,1618
032,112025,1619,1,1619
032,112025,1620,1,1620
032,112025,1621,1,1621
032,112025,1622,1,1622
032,112025,1623,1,1623
032,112025,1624,1,1624
032,112025,1625,1,1625
032,112025,1626,1,1626
032,112025,1627,1,1627
032,112025,1628,1,1628
032,112025,1629,1,1629
032,112025,1630,1,1630
032,112025,1631,1,1631
032,112025,1632,1,1632
032,112025,1633,1,1633
032,112025,1634,1,1634
032,112025,1635,1,1635
032,112025,1636,1,1636
032,112025,1637,1,1637
032,112025,1638,1,1638
032,112025,1639,1,1639
032,112025,1640,1,1640
032,112025,1641,1,1641
032,112025,1642,1,1642
032,112025,1643,1,1643
032,112025,1644,1,1644
032,112025,1645,1,1645
032,112025,1646,1,1646
032,112025,1647,1,1647
032,112025,1648,1,1648
032,112025,1649,1,1649
032,112025,1650,1,1650
032,112025,1651,1,1651
032,112025,1652,1,1652
032,112025,1653,1,1653
032,112025,1654,1,1654
032,112025,1655,1,1655
032,112025,1657,1,1657
032,112025,1659,1,1659
032,112025,1660,1,1660
032,112025,1661,1,1661
032,112025,1662,1,1662
032,112025,1663,1,1663
032,112025,1664,1,1664
032,112025,1665,1,1665
032,112025,1666,1,1666
032,112025,1667,1,1667
032,112025,1668,1,1668
032,112025,1669,1,1669
032,112025,1670,1,1670
032,112025,1671,1,1671
032,112025,1672,1,1672
032,112025,1673,1,1673
032,112025,1674,1,1674
032,112025,1675,1,1675
032,112025,1676,1,1676
032,112025,1677,1,1677
032,112025,1680,1,1680
032,112025,1681,1,1681
032,112025,1682,1,1682
032,112025,1686,1,1686
032,112025,1687,1,1687
032,112025,1688,1,1688
032,112025,1692,1,1692
032,112025,1693,1,1693
032,112025,1695,1,1695
032,112025,1696,1,1696
032,112025,1697,1,1697
032,112025,1698,1,1698
032,112025,1699,1,1699
032,112025,1700,1,1700
032,112025,1701,1,1701
032,112025,1702,1,1702
032,112025,1703,1,1703
032,112025,1704,1,1704
032,112025,1705,1,1705
032,112025,1706,1,1706
032,112025,1707,1,1707
032,112025,1708,1,1708
032,112025,1709,1,1709
032,112025,1710,1,1710
032,112025,1711,1,1711
032,112025,1712,1,1712
032,112025,1713,1,1713
032,112025,1714,1,1714
032,112025,1715,1,1715
032,112025,1716,1,1716
032,112025,1717,1,1717
032,112025,1718,1,1718
032,112025,1719,1,1719
032,112025,1720,1,1720
032,112025,1721,1,1721
032,112025,1722,1,1722
032,112025,1723,1,1723
032,112025,1724,1,1724
032,112025,1725,1,1725
032,112025,1726,1,1726
032,112025,1727,1,1727
032,112025,1728,1,1728
032,112025,1729,1,1729
032,112025,1730,1,1730
032,112025,1731,1,1731
032,112025,1732,1,1732
032,112025,1733,1,1733
032,112025,1734,1,1734
032,112025,1735,1,1735
032,112025,1736,1,1736
032,112025,1737,1,1737
032,112025,1738,1,1738
032,112025,1740,1,1740
032,112025,1741,1,1741
032,112025,1743,1,1743
032,112025,1744,1,1744
032,112025,1745,1,1745
032,112025,1746,1,1746
032,112025,1747,1,1747
032,112025,1749,1,1749
032,112025,1750,1,1750
032,112025,1751,1,1751
032,112025,1752,1,1752
032,112025,1753,1,1753
032,112025,1754,1,1754
032,112025,1755,1,1755
032,112025,1756,1,1756
032,112025,1757,1,1757
032,112025,1758,1,1758
032,112025,1759,1,1759
032,112025,1760,1,1760
032,112025,1761,1,1761
032,112025,1762,1,1762
032,112025,1763,1,1763
032,112025,1764,1,1764
032,112025,1765,1,1765
032,112025,1767,1,1767
032,112025,1768,1,1768
032,112025,1769,1,1769
032,112025,1770,1,1770
032,112025,1771,1,1771
032,112025,1772,1,1772
032,112025,1773,1,1773
032,112025,1774,1,1774
032,112025,1775,1,1775
032,112025,1776,1,1776
032,112025,1778,1,1778
032,112025,1779,1,1779
032,112025,1780,1,1780
032,112025,1782,1,1782
032,112025,1783,1,1783
032,112025,1784,1,1784
032,112025,1785,1,1785
032,112025,1786,1,1786
032,112025,1787,1,1787
032,112025,1788,1,1788
032,112025,1789,1,1789
032,112025,1790,1,1790
032,112025,1791,1,1791
032,112025,1792,1,1792
032,112025,1793,1,1793
032,112025,1794,1,1794
032,112025,1795,1,1795
032,112025,1796,1,1796
032,112025,1797,1,1797
032,112025,1798,1,1798
032,112025,1799,1,1799
032,112025,1800,1,1800
032,112025,1801,1,1801
032,112025,1802,1,1802
032,112025,1803,1,1803
032,112025,1804,1,1804
032,112025,1805,1,1805
032,112025,1806,1,1806
032,112025,1807,1,1807
032,112025,1808,1,1808
032,112025,1809,1,1809
032,112025,1810,1,1810
032,112025,1811,1,1811
032,112025,1812,1,1812
032,112025,1813,1,1813
032,112025,1814,1,1814
032,112025,1815,1,1815
032,112025,1819,1,1819
032,112025,1820,1,1820
032,112025,1823,1,1823
032,112025,1826,1,1826
032,112025,1827,1,1827
032,112025,1828,1,1828
032,112025,1829,1,1829
032,112025,1830,1,1830
032,112025,1831,1,1831
032,112025,1832,1,1832
032,112025,1833,1,1833
032,112025,1834,1,1834
032,112025,1835,1,1835
032,112025,1836,1,1836
032,112025,1837,1,1837
032,112025,1838,1,1838
032,112025,1839,1,1839
032,112025,1841,1,1841
032,112025,1842,1,1842
032,112025,1843,1,1843
032,112025,1846,1,1846
032,112025,1847,1,1847
032,112025,1848,1,1848
032,112025,1849,1,1849
032,112025,1850,1,1850
032,112025,1851,1,1851
032,112025,1852,1,1852
032,112025,1853,1,1853
032,112025,1854,1,1854
032,112025,1855,1,1855
032,112025,1856,1,1856
032,112025,1857,1,1857
032,112025,1859,1,1859
032,112025,1861,1,1861
032,112025,1862,1,1862
032,112025,1863,1,1863
032,112025,1865,1,1865
032,112025,1866,1,1866
032,112025,1867,1,1867
032,112025,1868,1,1868
032,112025,1870,1,1870
032,112025,1871,1,1871
032,112025,1872,1,1872
032,112025,1873,1,1873
032,112025,1874,1,1874
032,112025,1875,1,1875
032,112025,1876,1,1876
032,112025,1877,1,1877
032,112025,1878,1,1878
032,112025,1882,1,1882
032,112025,1884,1,1884
032,112025,1885,1,1885
032,112025,1886,1,1886
032,112025,1887,1,1887
032,112025,1891,1,1891
032,112025,1892,1,1892
032,112025,1893,1,1893
032,112025,1894,1,1894
032,112025,1897,1,1897
032,112025,1898,1,1898
032,112025,1900,1,1900
032,112025,1901,1,1901
032,112025,1902,1,1902
032,112025,1903,1,1903
032,112025,1904,1,1904
032,112025,1905,1,1905
032,112025,1906,1,1906
032,112025,1907,1,1907
032,112025,1908,1,1908
032,112025,1909,1,1909
032,112025,1910,1,1910
032,112025,1911,1,1911
032,112025,1912,1,1912
032,112025,1913,1,1913
032,112025,1914,1,1914
032,112025,1915,1,1915
032,112025,1916,1,1916
032,112025,1917,1,1917
032,112025,1918,1,1918
032,112025,1919,1,1919
032,112025,1920,1,1920
032,112025,1921,1,1921
032,112025,1923,1,1923
032,112025,1924,1,1924
032,112025,1925,1,1925
032,112025,1926,1,1926
032,112025,1927,1,1927
032,112025,1928,1,1928
032,112025,1929,1,1929
032,112025,1930,1,1930
032,112025,1931,1,1931
032,112025,1932,1,1932
032,112025,1933,1,1933
032,112025,1937,1,1937
032,112025,1938,1,1938
032,112025,1939,1,1939
032,112025,1941,1,1941
032,112025,1942,1,1942
032,112025,1943,1,1943
032,112025,1944,1,1944
032,112025,1945,1,1945
032,112025,1946,1,1946
032,112025,1947,1,1947
032,112025,1948,1,1948
032,112025,1949,1,1949
032,112025,1950,1,1950
032,112025,1951,1,1951
032,112025,1952,1,1952
032,112025,1953,1,1953
032,112025,1954,1,1954
032,112025,1955,1,1955
032,112025,1956,1,1956
032,112025,1957,1,1957
032,112025,1958,1,1958
032,112025,1960,1,1960
032,112025,1964,1,1964
032,112025,1965,1,1965
032,112025,1970,1,1970
032,112025,1971,1,1971
032,112025,1972,1,1972
032,112025,1973,1,1973
032,112025,1974,1,1974
032,112025,1975,1,1975
032,112025,1976,1,1976
032,112025,1978,1,1978
032,112025,1979,1,1979
032,112025,1980,1,1980
032,112025,1983,1,1983
032,112025,1984,1,1984
032,112025,1987,1,1987
032,112025,1988,1,1988
032,112025,1989,1,1989
032,112025,1990,1,1990
032,112025,1991,1,1991
032,112025,1992,1,1992
032,112025,1993,1,1993
032,112025,1994,1,1994
032,112025,1995,1,1995
032,112025,1997,1,1997
032,112025,1998,1,1998
032,112025,1999,1,1999
032,112025,2001,1,2001
032,112025,2002,1,2002
032,112025,2003,1,2003
032,112025,2004,1,2004
032,112025,2005,1,2005
032,112025,2006,1,2006
032,112025,2008,1,2008
032,112025,2010,1,2010
032,112025,2012,1,2012
032,112025,2015,1,2015
032,112025,2016,1,2016
032,112025,2017,1,2017
032,112025,2018,1,2018
032,112025,2019,1,2019
032,112025,2020,1,2020
032,112025,2021,1,2021
032,112025,2022,1,2022
032,112025,2024,1,2024
032,112025,2030,1,2030
032,112025,2031,1,2031
032,112025,2032,1,2032
032,112025,2033,1,2033
032,112025,2034,1,2034
032,112025,2036,1,2036
032,112025,2037,1,2037
032,112025,2038,1,2038
032,112025,2040,1,2040
032,112025,2041,1,2041
032,112025,2042,1,2042
032,112025,2043,1,2043
032,112025,2044,1,2044
032,112025,2045,1,2045
032,112025,2046,1,2046
032,112025,2047,1,2047
032,112025,2048,1,2048
032,112025,2049,1,2049
032,112025,2050,1,2050
032,112025,2052,1,2052
032,112025,2053,1,2053
032,112025,2054,1,2054
032,112025,2055,1,2055
032,112025,2056,1,2056
032,112025,2058,1,2058
032,112025,2059,1,2059
032,112025,2060,1,2060
032,112025,2061,1,2061
032,112025,2063,1,2063
032,112025,2064,1,2064
032,112025,2067,1,2067
032,112025,2072,1,2072
032,112025,2074,1,2074
032,112025,2076,1,2076
032,112025,2077,1,2077
032,112025,2078,1,2078
032,112025,2080,1,2080
032,112025,2081,1,2081
032,112025,2083,1,2083
032,112025,2084,1,2084
032,112025,2085,1,2085
032,112025,2086,1,2086
032,112025,2088,1,2088
032,112025,2090,1,2090
032,112025,2091,1,2091
032,112025,2092,1,2092
032,112025,2093,1,2093
032,112025,2094,1,2094
032,112025,2095,1,2095
032,112025,2096,1,2096
032,112025,2097,1,2097
032,112025,2098,1,2098
032,112025,2099,1,2099
032,112025,2100,1,2100
032,112025,2101,1,2101
032,112025,2102,1,2102
032,112025,2103,1,2103
032,112025,2104,1,2104
032,112025,2105,1,2105
032,112025,2106,1,2106
032,112025,2107,1,2107
032,112025,2108,1,2108
032,112025,2109,1,2109
032,112025,2110,1,2110
032,112025,2111,1,2111
032,112025,2112,1,2112
032,112025,2113,1,2113
032,112025,2114,1,2114
032,112025,2115,1,2115
032,112025,2116,1,2116
032,112025,2117,1,2117
032,112025,2119,1,2119
032,112025,2120,1,2120
032,112025,2121,1,2121
032,112025,2122,1,2122
032,112025,2124,1,2124
032,112025,2125,1,2125
032,112025,2126,1,2126
032,112025,2127,1,2127
032,112025,2128,1,2128
032,112025,2129,1,2129
032,112025,2130,1,2130
032,112025,2131,1,2131
032,112025,2132,1,2132
032,112025,2133,1,2133
032,112025,2134,1,2134
032,112025,2135,1,2135
032,112025,2136,1,2136
032,112025,2137,1,2137
032,112025,2138,1,2138
032,112025,2139,1,2139
032,112025,2140,1,2140
032,112025,2141,1,2141
032,112025,2142,1,2142
032,112025,2143,1,2143
032,112025,2144,1,2144
032,112025,2145,1,2145
032,112025,2146,1,2146
032,112025,2149,1,2149
032,112025,2150,1,2150
032,112025,2154,1,2154
032,112025,2160,1,2160
032,112025,2161,1,2161
032,112025,2165,1,2165
032,112025,2166,1,2166
032,112025,2168,1,2168
032,112025,2173,1,2173
032,112025,2174,1,2174
032,112025,2178,1,2178
032,112025,2179,1,2179
032,112025,2201,1,2201
032,112025,2202,1,2202
032,112025,2203,1,2203
032,112025,2204,1,2204
032,112025,2205,1,2205
032,112025,2207,1,2207
032,112025,2212,1,2212
032,112025,2214,1,2214
032,112025,2218,1,2218
032,112025,2219,1,2219
032,112025,2220,1,2220
032,112025,2221,1,2221
032,112025,2222,1,2222
032,112025,2223,1,2223
032,112025,2224,1,2224
032,112025,2225,1,2225
032,112025,2227,1,2227
032,112025,2228,1,2228
032,112025,2229,1,2229
032,112025,2230,1,2230
032,112025,2231,1,2231
032,112025,2232,1,2232
032,112025,2233,1,2233
032,112025,2234,1,2234
032,112025,2235,1,2235
032,112025,2236,1,2236
032,112025,2237,1,2237
032,112025,2238,1,2238
032,112025,2239,1,2239
032,112025,2240,1,2240
032,112025,2243,1,2243
032,112025,2244,1,2244
032,112025,2245,1,2245
032,112025,2246,1,2246
032,112025,2247,1,2247
032,112025,2248,1,2248
032,112025,2249,1,2249
032,112025,2250,1,2250
032,112025,2251,1,2251
032,112025,2252,1,2252
032,112025,2253,1,2253
032,112025,2254,1,2254
032,112025,2255,1,2255
032,112025,2258,1,2258
032,112025,2259,1,2259
032,112025,2260,1,2260
032,112025,2261,1,2261
032,112025,2262,1,2262
032,112025,2263,1,2263
032,112025,2264,1,2264
032,112025,2265,1,2265
032,112025,2266,1,2266
032,112025,2267,1,2267
032,112025,2268,1,2268
032,112025,2269,1,2269
032,112025,2270,1,2270
032,112025,2273,1,2273
032,112025,2275,1,2275
032,112025,2277,1,2277
032,112025,2279,1,2279
032,112025,2280,1,2280
032,112025,2281,1,2281
032,112025,2283,1,2283
032,112025,2284,1,2284
032,112025,2285,1,2285
032,112025,2286,1,2286
032,112025,2288,1,2288
032,112025,2289,1,2289
032,112025,2290,1,2290
032,112025,2291,1,2291
032,112025,2292,1,2292
032,112025,2294,1,2294
032,112025,2295,1,2295
032,112025,2296,1,2296
032,112025,2297,1,2297
032,112025,2298,1,2298
032,112025,2299,1,2299
032,112025,2300,1,2300
032,112025,2301,1,2301
032,112025,2302,1,2302
032,112025,2303,1,2303
032,112025,2304,1,2304
032,112025,2305,1,2305
032,112025,2306,1,2306
032,112025,2307,1,2307
032,112025,2309,1,2309
032,112025,2311,1,2311
032,112025,2312,1,2312
032,112025,2314,1,2314
032,112025,2315,1,2315
032,112025,2316,1,2316
032,112025,2318,1,2318
032,112025,2321,1,2321
032,112025,2322,1,2322
032,112025,2323,1,2323
032,112025,2324,1,2324
032,112025,2325,1,2325
032,112025,2326,1,2326
032,112025,2327,1,2327
032,112025,2328,1,2328
032,112025,2329,1,2329
032,112025,2330,1,2330
032,112025,2331,1,2331
032,112025,2333,1,2333
032,112025,2334,1,2334
032,112025,2335,1,2335
032,112025,2337,1,2337
032,112025,2338,1,2338
032,112025,2340,1,2340
032,112025,2342,1,2342
032,112025,2343,1,2343
032,112025,2344,1,2344
032,112025,2345,1,2345
032,112025,2346,1,2346
032,112025,2347,1,2347
032,112025,2348,1,2348
032,112025,2349,1,2349
032,112025,2351,1,2351
032,112025,2352,1,2352
032,112025,2353,1,2353
032,112025,2354,1,2354
032,112025,2355,1,2355
032,112025,2359,1,2359
032,112025,2363,1,2363
032,112025,2364,1,2364
032,112025,2365,1,2365
032,112025,2366,1,2366
032,112025,2368,1,2368
032,112025,2370,1,2370
032,112025,2371,1,2371
032,112025,2374,1,2374
032,112025,2375,1,2375
032,112025,2376,1,2376
032,112025,2377,1,2377
032,112025,2378,1,2378
032,112025,2379,1,2379
032,112025,2380,1,2380
032,112025,2381,1,2381
032,112025,2382,1,2382
032,112025,2383,1,2383
032,112025,2384,1,2384
032,112025,2385,1,2385
032,112025,2386,1,2386
032,112025,2387,1,2387
032,112025,2388,1,2388
032,112025,2389,1,2389
032,112025,2390,1,2390
032,112025,2391,1,2391
032,112025,2392,1,2392
032,112025,2393,1,2393
032,112025,2394,1,2394
032,112025,2395,1,2395
032,112025,2396,1,2396
032,112025,2397,1,2397
032,112025,2398,1,2398
032,112025,2399,1,2399
032,112025,2400,1,2400
032,112025,2401,1,2401
032,112025,2402,1,2402
032,112025,2403,1,2403
032,112025,2404,1,2404
032,112025,2405,1,2405
032,112025,2406,1,2406
032,112025,2407,1,2407
032,112025,2408,1,2408
032,112025,2409,1,2409
032,112025,2410,1,2410
032,112025,2411,1,2411
032,112025,2412,1,2412
032,112025,2413,1,2413
032,112025,2414,1,2414
032,112025,2415,1,2415
032,112025,2416,1,2416
032,112025,2417,1,2417
032,112025,2418,1,2418
032,112025,2419,1,2419
032,112025,2420,1,2420
032,112025,2421,1,2421
032,112025,2422,1,2422
032,112025,2424,1,2424
032,112025,2425,1,2425
032,112025,2428,1,2428
032,112025,2431,1,2431
032,112025,2433,1,2433
032,112025,2435,1,2435
032,112025,2436,1,2436
032,112025,2437,1,2437
032,112025,2438,1,2438
032,112025,2439,1,2439
032,112025,2440,1,2440
032,112025,2441,1,2441
032,112025,2442,1,2442
032,112025,2443,1,2443
032,112025,2444,1,2444
032,112025,2445,1,2445
032,112025,2446,1,2446
032,112025,2447,1,2447
032,112025,2448,1,2448
032,112025,2449,1,2449
032,112025,2451,1,2451
032,112025,2452,1,2452
032,112025,2453,1,2453
032,112025,2454,1,2454
032,112025,2456,1,2456
032,112025,2457,1,2457
032,112025,2458,1,2458
032,112025,2459,1,2459
032,112025,2460,1,2460
032,112025,2461,1,2461
032,112025,2462,1,2462
032,112025,2463,1,2463
032,112025,2464,1,2464
032,112025,2468,1,2468
032,112025,2469,1,2469
032,112025,2482,1,2482
032,112025,2483,1,2483
032,112025,2484,1,2484
032,112025,2487,1,2487
032,112025,2488,1,2488
032,112025,2489,1,2489
032,112025,2490,1,2490
032,112025,2491,1,2491
032,112025,2492,1,2492
032,112025,2493,1,2493
032,112025,2494,1,2494
032,112025,2495,1,2495
032,112025,2496,1,2496
032,112025,2497,1,2497
032,112025,2498,1,2498
032,112025,2499,1,2499
032,112025,2501,1,2501
032,112025,2502,1,2502
032,112025,2503,1,2503
032,112025,2504,1,2504
032,112025,2505,1,2505
032,112025,2506,1,2506
032,112025,2507,1,2507
032,112025,2508,1,2508
032,112025,2510,1,2510
032,112025,2511,1,2511
032,112025,2512,1,2512
032,112025,2513,1,2513
032,112025,2514,1,2514
032,112025,2515,1,2515
032,112025,2516,1,2516
032,112025,2517,1,2517
032,112025,2518,1,2518
032,112025,2519,1,2519
032,112025,2520,1,2520
032,112025,2521,1,2521
032,112025,2522,1,2522
032,112025,2523,1,2523
032,112025,2524,1,2524
032,112025,2525,1,2525
032,112025,2526,1,2526
032,112025,2527,1,2527
032,112025,2528,1,2528
032,112025,2529,1,2529
032,112025,2530,1,2530
032,112025,2531,1,2531
032,112025,2532,1,2532
032,112025,2533,1,2533
032,112025,2534,1,2534
032,112025,2535,1,2535
032,112025,2536,1,2536
032,112025,2537,1,2537
032,112025,2538,1,2538
032,112025,2539,1,2539
032,112025,2540,1,2540
032,112025,2541,1,2541
032,112025,2542,1,2542
032,112025,2543,1,2543
032,112025,2544,1,2544
032,112025,2546,1,2546
032,112025,2547,1,2547
032,112025,2548,1,2548
032,112025,2549,1,2549
032,112025,2550,1,2550
032,112025,2551,1,2551
032,112025,2552,1,2552
032,112025,2553,1,2553
032,112025,2554,1,2554
032,112025,2555,1,2555
032,112025,2556,1,2556
032,112025,2557,1,2557
032,112025,2558,1,2558
032,112025,2559,1,2559
032,112025,2560,1,2560
032,112025,2561,1,2561
032,112025,2562,1,2562
032,112025,2563,1,2563
032,112025,2564,1,2564
032,112025,2565,1,2565
032,112025,2566,1,2566
032,112025,2567,1,2567
032,112025,2568,1,2568
032,112025,2569,1,2569
032,112025,2571,1,2571
032,112025,2572,1,2572
032,112025,2573,1,2573
032,112025,2574,1,2574
032,112025,2575,1,2575
032,112025,2576,1,2576
032,112025,2577,1,2577
032,112025,2578,1,2578
032,112025,2579,1,2579
032,112025,2582,1,2582
032,112025,2583,1,2583
032,112025,2584,1,2584
032,112025,2585,1,2585
032,112025,2586,1,2586
032,112025,2587,1,2587
032,112025,2588,1,2588
032,112025,2589,1,2589
032,112025,2590,1,2590
032,112025,2591,1,2591
032,112025,2592,1,2592
032,112025,2593,1,2593
032,112025,2594,1,2594
032,112025,2595,1,2595
032,112025,2597,1,2597
032,112025,2598,1,2598
032,112025,2599,1,2599
032,112025,2600,1,2600
032,112025,2601,1,2601
032,112025,2602,1,2602
032,112025,2603,1,2603
032,112025,2604,1,2604
032,112025,2605,1,2605
032,112025,2606,1,2606
032,112025,2607,1,2607
032,112025,2608,1,2608
032,112025,2609,1,2609
032,112025,2610,1,2610
032,112025,2611,1,2611
032,112025,2612,1,2612
032,112025,2613,1,2613
032,112025,2614,1,2614
032,112025,2615,1,2615
032,112025,2618,1,2618
032,112025,2619,1,2619
032,112025,2620,1,2620
032,112025,2621,1,2621
032,112025,2622,1,2622
032,112025,2624,1,2624
032,112025,2625,1,2625
032,112025,2626,1,2626
032,112025,2628,1,2628
032,112025,2629,1,2629
032,112025,2630,1,2630
032,112025,2631,1,2631
032,112025,2632,1,2632
032,112025,2633,1,2633
032,112025,2634,1,2634
032,112025,2635,1,2635
032,112025,2637,1,2637
032,112025,2638,1,2638
032,112025,2639,1,2639
032,112025,2640,1,2640
032,112025,2641,1,2641
032,112025,2642,1,2642
032,112025,2643,1,2643
032,112025,2647,1,2647
032,112025,2648,1,2648
032,112025,2649,1,2649
032,112025,2650,1,2650
032,112025,2651,1,2651
032,112025,2652,1,2652
032,112025,2653,1,2653
032,112025,2655,1,2655
032,112025,2656,1,2656
032,112025,2657,1,2657
032,112025,2658,1,2658
032,112025,2659,1,2659
032,112025,2661,1,2661
032,112025,2662,1,2662
032,112025,2663,1,2663
032,112025,2664,1,2664
032,112025,2665,1,2665
032,112025,2666,1,2666
032,112025,2667,1,2667
032,112025,2668,1,2668
032,112025,2669,1,2669
032,112025,2670,1,2670
032,112025,2671,1,2671
032,112025,2673,1,2673
032,112025,2674,1,2674
032,112025,2675,1,2675
032,112025,2676,1,2676
032,112025,2677,1,2677
032,112025,2679,1,2679
032,112025,2680,1,2680
032,112025,2681,1,2681
032,112025,2682,1,2682
032,112025,2683,1,2683
032,112025,2685,1,2685
032,112025,2686,1,2686
032,112025,2687,1,2687
032,112025,2690,1,2690
032,112025,2691,1,2691
032,112025,2693,1,2693
032,112025,2694,1,2694
032,112025,2695,1,2695
032,112025,2696,1,2696
032,112025,2697,1,2697
032,112025,2698,1,2698
032,112025,2699,1,2699
032,112025,2700,1,2700
032,112025,2701,1,2701
032,112025,2702,1,2702
032,112025,2703,1,2703
032,112025,2704,1,2704
032,112025,2705,1,2705
032,112025,2706,1,2706
032,112025,2707,1,2707
032,112025,2708,1,2708
032,112025,2709,1,2709
032,112025,2711,1,2711
032,112025,2712,1,2712
032,112025,2713,1,2713
032,112025,2715,1,2715
032,112025,2716,1,2716
032,112025,2717,1,2717
032,112025,2718,1,2718
032,112025,2719,1,2719
032,112025,2721,1,2721
032,112025,2722,1,2722
032,112025,2723,1,2723
032,112025,2724,1,2724
032,112025,2725,1,2725
032,112025,2726,1,2726
032,112025,2727,1,2727
032,112025,2728,1,2728
032,112025,2729,1,2729
032,112025,2730,1,2730
032,112025,2731,1,2731
032,112025,2733,1,2733
032,112025,2735,1,2735
032,112025,2739,1,2739
032,112025,2740,1,2740
032,112025,2741,1,2741
032,112025,2742,1,2742
032,112025,2743,1,2743
032,112025,2744,1,2744
032,112025,2745,1,2745
032,112025,2746,1,2746
032,112025,2747,1,2747
032,112025,2748,1,2748
032,112025,2749,1,2749
032,112025,2750,1,2750
032,112025,2751,1,2751
032,112025,2752,1,2752
032,112025,2753,1,2753
032,112025,2754,1,2754
032,112025,2757,1,2757
032,112025,2758,1,2758
032,112025,2759,1,2759
032,112025,2760,1,2760
032,112025,2761,1,2761
032,112025,2762,1,2762
032,112025,2763,1,2763
032,112025,2764,1,2764
032,112025,2765,1,2765
032,112025,2767,1,2767
032,112025,2768,1,2768
032,112025,2769,1,2769
032,112025,2770,1,2770
032,112025,2771,1,2771
032,112025,2772,1,2772
032,112025,2773,1,2773
032,112025,2774,1,2774
032,112025,2775,1,2775
032,112025,2776,1,2776
032,112025,2777,1,2777
032,112025,2778,1,2778
032,112025,2779,1,2779
032,112025,2780,1,2780
032,112025,2781,1,2781
032,112025,2782,1,2782
032,112025,2783,1,2783
032,112025,2784,1,2784
032,112025,2785,1,2785
032,112025,2786,1,2786
032,112025,2787,1,2787
032,112025,2788,1,2788
032,112025,2789,1,2789
032,112025,2790,1,2790
032,112025,2791,1,2791
032,112025,2792,1,2792
032,112025,2793,1,2793
032,112025,2794,1,2794
032,112025,2795,1,2795
032,112025,2797,1,2797
032,112025,2798,1,2798
032,112025,2799,1,2799
032,112025,2801,1,2801
032,112025,2803,1,2803
032,112025,2804,1,2804
032,112025,2805,1,2805
032,112025,2806,1,2806
032,112025,2808,1,2808
032,112025,2809,1,2809
032,112025,2810,1,2810
032,112025,2811,1,2811
032,112025,2812,1,2812
032,112025,2813,1,2813
032,112025,2814,1,2814
032,112025,2815,1,2815
032,112025,2816,1,2816
032,112025,2818,1,2818
032,112025,2819,1,2819
032,112025,2820,1,2820
032,112025,2821,1,2821
032,112025,2822,1,2822
032,112025,2826,1,2826
032,112025,2827,1,2827
032,112025,2828,1,2828
032,112025,2830,1,2830
032,112025,2831,1,2831
032,112025,2832,1,2832
032,112025,2833,1,2833
032,112025,2834,1,2834
032,112025,2835,1,2835
032,112025,2836,1,2836
032,112025,2838,1,2838
032,112025,2839,1,2839
032,112025,2842,1,2842
032,112025,2843,1,2843
032,112025,2844,1,2844
032,112025,2846,1,2846
032,112025,2847,1,2847
032,112025,2848,1,2848
032,112025,2850,1,2850
032,112025,2851,1,2851
032,112025,2852,1,2852
032,112025,2853,1,2853
032,112025,2855,1,2855
032,112025,2856,1,2856
032,112025,2858,1,2858
032,112025,2859,1,2859
032,112025,2860,1,2860
032,112025,2861,1,2861
032,112025,2862,1,2862
032,112025,2864,1,2864
032,112025,2865,1,2865
032,112025,2866,1,2866
032,112025,2867,1,2867
032,112025,2868,1,2868
032,112025,2869,1,2869
032,112025,2870,1,2870
032,112025,2871,1,2871
032,112025,2873,1,2873
032,112025,2874,1,2874
032,112025,2875,1,2875
032,112025,2876,1,2876
032,112025,2877,1,2877
032,112025,2878,1,2878
032,112025,2879,1,2879
032,112025,2882,1,2882
032,112025,2883,1,2883
032,112025,2884,1,2884
032,112025,2885,1,2885
032,112025,2886,1,2886
032,112025,2887,1,2887
032,112025,2888,1,2888
032,112025,2889,1,2889
032,112025,2890,1,2890
032,112025,2891,1,2891
032,112025,2892,1,2892
032,112025,2893,1,2893
032,112025,2894,1,2894
032,112025,2895,1,2895
032,112025,2896,1,2896
032,112025,2897,1,2897
032,112025,2898,1,2898
032,112025,2899,1,2899
032,112025,2900,1,2900
032,112025,2901,1,2901
032,112025,2903,1,2903
032,112025,2904,1,2904
032,112025,2906,1,2906
032,112025,2907,1,2907
032,112025,2908,1,2908
032,112025,2909,1,2909
032,112025,2910,1,2910
032,112025,2911,1,2911
032,112025,2912,1,2912
032,112025,2913,1,2913
032,112025,2914,1,2914
032,112025,2916,1,2916
032,112025,2918,1,2918
032,112025,2919,1,2919
032,112025,2921,1,2921
032,112025,2923,1,2923
032,112025,2924,1,2924
032,112025,2925,1,2925
032,112025,2926,1,2926
032,112025,2929,1,2929
032,112025,2930,1,2930
032,112025,2931,1,2931
032,112025,2932,1,2932
032,112025,2933,1,2933
032,112025,2934,1,2934
032,112025,2935,1,2935
032,112025,2936,1,2936
032,112025,2937,1,2937
032,112025,2938,1,2938
032,112025,2939,1,2939
032,112025,2941,1,2941
032,112025,2942,1,2942
032,112025,2945,1,2945
032,112025,2946,1,2946
032,112025,2947,1,2947
032,112025,2948,1,2948
032,112025,2949,1,2949
032,112025,2950,1,2950
032,112025,2951,1,2951
032,112025,2952,1,2952
032,112025,2954,1,2954
032,112025,2956,1,2956
032,112025,2957,1,2957
032,112025,2958,1,2958
032,112025,2959,1,2959
032,112025,2960,1,2960
032,112025,2961,1,2961
032,112025,2962,1,2962
032,112025,2963,1,2963
032,112025,2964,1,2964
032,112025,2965,1,2965
032,112025,2966,1,2966
032,112025,2967,1,2967
032,112025,2968,1,2968
032,112025,2969,1,2969
032,112025,2970,1,2970
032,112025,2971,1,2971
032,112025,2972,1,2972
032,112025,2973,1,2973
032,112025,2974,1,2974
032,112025,2975,1,2975
032,112025,2976,1,2976
032,112025,2978,1,2978
032,112025,2980,1,2980
032,112025,2981,1,2981
032,112025,2982,1,2982
032,112025,2983,1,2983
032,112025,2984,1,2984
032,112025,2985,1,2985
032,112025,2986,1,2986
032,112025,2987,1,2987
032,112025,2989,1,2989
032,112025,2990,1,2990
032,112025,2991,1,2991
032,112025,2993,1,2993
032,112025,2994,1,2994
032,112025,2995,1,2995
032,112025,2996,1,2996
032,112025,2997,1,2997
032,112025,2998,1,2998
032,112025,2999,1,2999
032,112025,3000,1,3000
032,112025,3002,1,3002
032,112025,3003,1,3003
032,112025,3004,1,3004
032,112025,3005,1,3005
032,112025,3006,1,3006
032,112025,3007,1,3007
032,112025,3008,1,3008
032,112025,3011,1,3011
032,112025,3012,1,3012
032,112025,3013,1,3013
032,112025,3014,1,3014
032,112025,3015,1,3015
032,112025,3016,1,3016
032,112025,3017,1,3017
032,112025,3019,1,3019
032,112025,3020,1,3020
032,112025,3021,1,3021
032,112025,3022,1,3022
032,112025,3023,1,3023
032,112025,3025,1,3025
032,112025,3026,1,3026
032,112025,3027,1,3027
032,112025,3028,1,3028
032,112025,3029,1,3029
032,112025,3030,1,3030
032,112025,3032,1,3032
032,112025,3033,1,3033
032,112025,3034,1,3034
032,112025,3035,1,3035
032,112025,3036,1,3036
032,112025,3037,1,3037
032,112025,3038,1,3038
032,112025,3039,1,3039
032,112025,3040,1,3040
032,112025,3041,1,3041
032,112025,3042,1,3042
032,112025,3043,1,3043
032,112025,3044,1,3044
032,112025,3045,1,3045
032,112025,3046,1,3046
032,112025,3047,1,3047
032,112025,3048,1,3048
032,112025,3049,1,3049
032,112025,3051,1,3051
032,112025,3052,1,3052
032,112025,3053,1,3053
032,112025,3054,1,3054
032,112025,3055,1,3055
032,112025,3056,1,3056
032,112025,3057,1,3057
032,112025,3058,1,3058
032,112025,3059,1,3059
032,112025,3060,1,3060
032,112025,3061,1,3061
032,112025,3062,1,3062
032,112025,3063,1,3063
032,112025,3064,1,3064
032,112025,3065,1,3065
032,112025,3066,1,3066
032,112025,3067,1,3067
032,112025,3068,1,3068
032,112025,3069,1,3069
032,112025,3070,1,3070
032,112025,3071,1,3071
032,112025,3072,1,3072
032,112025,3073,1,3073
032,112025,3077,1,3077
032,112025,3078,1,3078
032,112025,3079,1,3079
032,112025,3080,1,3080
032,112025,3081,1,3081
032,112025,3082,1,3082
032,112025,3083,1,3083
032,112025,3084,1,3084
032,112025,3085,1,3085
032,112025,3087,1,3087
032,112025,3088,1,3088
032,112025,3092,1,3092
032,112025,3094,1,3094
032,112025,3095,1,3095
032,112025,3096,1,3096
032,112025,3097,1,3097
032,112025,3098,1,3098
032,112025,3099,1,3099
032,112025,3100,1,3100
032,112025,3101,1,3101
032,112025,3102,1,3102
032,112025,3103,1,3103
032,112025,3104,1,3104
032,112025,3105,1,3105
032,112025,3106,1,3106
032,112025,3108,1,3108
032,112025,3109,1,3109
032,112025,3110,1,3110
032,112025,3111,1,3111
032,112025,3112,1,3112
032,112025,3114,1,3114
032,112025,3115,1,3115
032,112025,3116,1,3116
032,112025,3117,1,3117
032,112025,3118,1,3118
032,112025,3120,1,3120
032,112025,3121,1,3121
032,112025,3122,1,3122
032,112025,3126,1,3126
032,112025,3127,1,3127
032,112025,3128,1,3128
032,112025,3129,1,3129
032,112025,3130,1,3130
032,112025,3131,1,3131
032,112025,3132,1,3132
032,112025,3133,1,3133
032,112025,3134,1,3134
032,112025,3135,1,3135
032,112025,3136,1,3136
032,112025,3137,1,3137
032,112025,3138,1,3138
032,112025,3139,1,3139
032,112025,3140,1,3140
032,112025,3143,1,3143
032,112025,3144,1,3144
032,112025,3145,1,3145
032,112025,3146,1,3146
032,112025,3147,1,3147
032,112025,3148,1,3148
032,112025,3149,1,3149
032,112025,3150,1,3150
032,112025,3151,1,3151
032,112025,3152,1,3152
032,112025,3155,1,3155
032,112025,3156,1,3156
032,112025,3157,1,3157
032,112025,3158,1,3158
032,112025,3159,1,3159
032,112025,3161,1,3161
032,112025,3162,1,3162
032,112025,3163,1,3163
032,112025,3165,1,3165
032,112025,3166,1,3166
032,112025,3169,1,3169
032,112025,3170,1,3170
032,112025,3172,1,3172
032,112025,3173,1,3173
032,112025,3174,1,3174
032,112025,3175,1,3175
032,112025,3176,1,3176
032,112025,3177,1,3177
032,112025,3178,1,3178
032,112025,3179,1,3179
032,112025,3182,1,3182
032,112025,3184,1,3184
032,112025,3185,1,3185
032,112025,3186,1,3186
032,112025,3189,1,3189
032,112025,3190,1,3190
032,112025,3191,1,3191
032,112025,3193,1,3193
032,112025,3194,1,3194
032,112025,3195,1,3195
032,112025,3198,1,3198
032,112025,3200,1,3200
032,112025,3201,1,3201
032,112025,3202,1,3202
032,112025,3203,1,3203
032,112025,3204,1,3204
032,112025,3205,1,3205
032,112025,3206,1,3206
032,112025,3207,1,3207
032,112025,3208,1,3208
032,112025,3209,1,3209
032,112025,3210,1,3210
032,112025,3211,1,3211
032,112025,3212,1,3212
032,112025,3213,1,3213
032,112025,3214,1,3214
032,112025,3215,1,3215
032,112025,3216,1,3216
032,112025,3217,1,3217
032,112025,3218,1,3218
032,112025,3220,1,3220
032,112025,3223,1,3223
032,112025,3225,1,3225
032,112025,3226,1,3226
032,112025,3227,1,3227
032,112025,3228,1,3228
032,112025,3230,1,3230
032,112025,3232,1,3232
032,112025,3233,1,3233
032,112025,3234,1,3234
032,112025,3235,1,3235
032,112025,3236,1,3236
032,112025,3237,1,3237
032,112025,3238,1,3238
032,112025,3242,1,3242
032,112025,3244,1,3244
032,112025,3245,1,3245
032,112025,3246,1,3246
032,112025,3247,1,3247
032,112025,3249,1,3249
032,112025,3250,1,3250
032,112025,3251,1,3251
032,112025,3252,1,3252
032,112025,3253,1,3253
032,112025,3255,1,3255
032,112025,3256,1,3256
032,112025,3257,1,3257
032,112025,3258,1,3258
032,112025,3259,1,3259
032,112025,3262,1,3262
032,112025,3265,1,3265
032,112025,3266,1,3266
032,112025,3267,1,3267
032,112025,3269,1,3269
032,112025,3270,1,3270
032,112025,3271,1,3271
032,112025,3272,1,3272
032,112025,3274,1,3274
032,112025,3275,1,3275
032,112025,3276,1,3276
032,112025,3277,1,3277
032,112025,3278,1,3278
032,112025,3282,1,3282
032,112025,3283,1,3283
032,112025,3284,1,3284
032,112025,3285,1,3285
032,112025,3286,1,3286
032,112025,3287,1,3287
032,112025,3288,1,3288
032,112025,3289,1,3289
032,112025,3290,1,3290
032,112025,3291,1,3291
032,112025,3292,1,3292
032,112025,3293,1,3293
032,112025,3294,1,3294
032,112025,3295,1,3295
032,112025,3296,1,3296
032,112025,3297,1,3297
032,112025,3298,1,3298
032,112025,3299,1,3299
032,112025,3300,1,3300
032,112025,3302,1,3302
032,112025,3304,1,3304
032,112025,3305,1,3305
032,112025,3306,1,3306
032,112025,3309,1,3309
032,112025,3311,1,3311
032,112025,3312,1,3312
032,112025,3313,1,3313
032,112025,3314,1,3314
032,112025,3315,1,3315
032,112025,3316,1,3316
032,112025,3320,1,3320
032,112025,3322,1,3322
032,112025,3323,1,3323
032,112025,3325,1,3325
032,112025,3326,1,3326
032,112025,3327,1,3327
032,112025,3329,1,3329
032,112025,3330,1,3330
032,112025,3331,1,3331
032,112025,3332,1,3332
032,112025,3333,1,3333
032,112025,3334,1,3334
032,112025,3335,1,3335
032,112025,3336,1,3336
032,112025,3337,1,3337
032,112025,3338,1,3338
032,112025,3343,1,3343
032,112025,3344,1,3344
032,112025,3345,1,3345
032,112025,3346,1,3346
032,112025,3347,1,3347
032,112025,3348,1,3348
032,112025,3349,1,3349
032,112025,3350,1,3350
032,112025,3351,1,3351
032,112025,3352,1,3352
032,112025,3356,1,3356
032,112025,3357,1,3357
032,112025,3358,1,3358
032,112025,3361,1,3361
032,112025,3365,1,3365
032,112025,3366,1,3366
032,112025,3367,1,3367
032,112025,3368,1,3368
032,112025,3370,1,3370
032,112025,3371,1,3371
032,112025,3373,1,3373
032,112025,3375,1,3375
032,112025,3376,1,3376
032,112025,3380,1,3380
032,112025,3381,1,3381
032,112025,3382,1,3382
032,112025,3383,1,3383
032,112025,3385,1,3385
032,112025,3387,1,3387
032,112025,3388,1,3388
032,112025,3389,1,3389
032,112025,3390,1,3390
032,112025,3391,1,3391
032,112025,3392,1,3392
032,112025,3393,1,3393
032,112025,3394,1,3394
032,112025,3395,1,3395
032,112025,3396,1,3396
032,112025,3397,1,3397
032,112025,3398,1,3398
032,112025,3399,1,3399
032,112025,3400,1,3400
032,112025,3401,1,3401
032,112025,3402,1,3402
032,112025,3403,1,3403
032,112025,3404,1,3404
032,112025,3407,1,3407
032,112025,3408,1,3408
032,112025,3409,1,3409
032,112025,3410,1,3410
032,112025,3413,1,3413
032,112025,3414,1,3414
032,112025,3415,1,3415
032,112025,3416,1,3416
032,112025,3417,1,3417
032,112025,3418,1,3418
032,112025,3419,1,3419
032,112025,3420,1,3420
032,112025,3422,1,3422
032,112025,3427,1,3427
032,112025,3428,1,3428
032,112025,3429,1,3429
032,112025,3441,1,3441
032,112025,3442,1,3442
032,112025,3443,1,3443
032,112025,3444,1,3444
032,112025,3445,1,3445
032,112025,3446,1,3446
032,112025,3447,1,3447
032,112025,3448,1,3448
032,112025,3451,1,3451
032,112025,3452,1,3452
032,112025,3459,1,3459
032,112025,3460,1,3460
032,112025,3463,1,3463
032,112025,3464,1,3464
032,112025,3465,1,3465
032,112025,3466,1,3466
032,112025,3467,1,3467
032,112025,3468,1,3468
032,112025,3469,1,3469
032,112025,3470,1,3470
032,112025,3471,1,3471
032,112025,3472,1,3472
032,112025,3473,1,3473
032,112025,3475,1,3475
032,112025,3488,1,3488
032,112025,3490,1,3490
032,112025,3498,1,3498
032,112025,3499,1,3499
032,112025,3500,1,3500
032,112025,3503,1,3503
032,112025,3505,1,3505
032,112025,3508,1,3508
032,112025,3510,1,3510
032,112025,3514,1,3514
032,112025,3515,1,3515
032,112025,3516,1,3516
032,112025,3517,1,3517
032,112025,3522,1,3522
032,112025,3523,1,3523
032,112025,3524,1,3524
032,112025,3525,1,3525
032,112025,3526,1,3526
032,112025,3535,1,3535
032,112025,3538,1,3538
032,112025,3539,1,3539
032,112025,3541,1,3541
032,112025,3542,1,3542
032,112025,3543,1,3543
032,112025,3545,1,3545
032,112025,3546,1,3546
032,112025,3547,1,3547
032,112025,3549,1,3549
032,112025,3550,1,3550
032,112025,3551,1,3551
032,112025,3556,1,3556
032,112025,3557,1,3557
032,112025,3559,1,3559
032,112025,3560,1,3560
032,112025,3561,1,3561
032,112025,3562,1,3562
032,112025,3563,1,3563
032,112025,3564,1,3564
032,112025,3570,1,3570
032,112025,3571,1,3571
032,112025,3572,1,3572
032,112025,3573,1,3573
032,112025,3574,1,3574
032,112025,3575,1,3575
032,112025,3576,1,3576
032,112025,3577,1,3577
032,112025,3579,1,3579
032,112025,3580,1,3580
032,112025,3581,1,3581
032,112025,3582,1,3582
032,112025,3585,1,3585
032,112025,3586,1,3586
032,112025,3603,1,3603
032,112025,3604,1,3604
032,112025,3605,1,3605
032,112025,3606,1,3606
032,112025,3608,1,3608
032,112025,3611,1,3611
032,112025,3612,1,3612
032,112025,3613,1,3613
032,112025,3614,1,3614
032,112025,3615,1,3615
032,112025,3616,1,3616
032,112025,3617,1,3617
032,112025,3618,1,3618
032,112025,3621,1,3621
032,112025,3622,1,3622
032,112025,3623,1,3623
032,112025,3624,1,3624
032,112025,3627,1,3627
032,112025,3628,1,3628
032,112025,3629,1,3629
032,112025,3631,1,3631
032,112025,3632,1,3632
032,112025,3633,1,3633
032,112025,3635,1,3635
032,112025,3636,1,3636
032,112025,3637,1,3637
032,112025,3638,1,3638
032,112025,3639,1,3639
032,112025,3641,1,3641
032,112025,3642,1,3642
032,112025,3643,1,3643
032,112025,3644,1,3644
032,112025,3645,1,3645
032,112025,3646,1,3646
032,112025,3651,1,3651
032,112025,3652,1,3652
032,112025,3653,1,3653
032,112025,3654,1,3654
032,112025,5000,1,5000
032,112025,5001,1,5001
032,112025,5002,1,5002
032,112025,5003,1,5003
032,112025,5005,1,5005
032,112025,5007,1,5007
032,112025,5008,1,5008
032,112025,5010,1,5010
032,112025,5011,1,5011
032,112025,5012,1,5012
032,112025,5013,1,5013
032,112025,5014,1,5014
032,112025,5015,1,5015
032,112025,5016,1,5016
032,112025,5017,1,5017
032,112025,5018,1,5018
032,112025,5019,1,5019
032,112025,5020,1,5020
032,112025,5021,1,5021
032,112025,5022,1,5022
032,112025,5023,1,5023
032,112025,5024,1,5024
032,112025,5025,1,5025
032,112025,5026,1,5026
032,112025,5027,1,5027
032,112025,5029,1,5029
032,112025,5031,1,5031
032,112025,5039,1,5039
032,112025,5040,1,5040
032,112025,5041,1,5041
032,112025,5042,1,5042
032,112025,5043,1,5043
032,112025,5045,1,5045
032,112025,5046,1,5046
032,112025,5049,1,5049
032,112025,5050,1,5050
032,112025,5051,1,5051
032,112025,5052,1,5052
032,112025,5053,1,5053
032,112025,5054,1,5054
032,112025,5055,1,5055
032,112025,5056,1,5056
032,112025,5057,1,5057
032,112025,5058,1,5058
032,112025,5059,1,5059
032,112025,5060,1,5060
032,112025,5061,1,5061
032,112025,5064,1,5064
032,112025,5067,1,5067
032,112025,5068,1,5068
032,112025,5069,1,5069
032,112025,5073,1,5073
032,112025,5076,1,5076
032,112025,5078,1,5078
032,112025,5080,1,5080
032,112025,5081,1,5081
032,112025,5083,1,5083
032,112025,5086,1,5086
032,112025,5087,1,5087
032,112025,5089,1,5089
032,112025,5090,1,5090
032,112025,5091,1,5091
032,112025,5092,1,5092
032,112025,5094,1,5094
032,112025,5096,1,5096
032,112025,5097,1,5097
032,112025,5103,1,5103
032,112025,5106,1,5106
032,112025,5307,1,5307
